casin puffs
kmlkmljkl
Easy
4669
0 5 208 1208
2 5 785 1785
1 5 1362 2362
3 5 1939 2939
1 5 2516 3516
3 5 3669 4669
0 5 3669 4669
2 5 4246 5246
1 5 4246 5246
0 5 4823 5823
3 5 4823 5823
2 5 5400 6400
0 5 5689 6689
1 5 5977 6977
2 5 6554 7554
3 5 7131 8131
1 5 7708 8708
3 5 8285 9285
0 5 8285 9285
2 5 8862 9862
1 5 8862 9862
3 5 9439 10439
0 5 9439 10439
1 5 10016 11016
3 5 10304 11304
2 5 10592 11592
0 5 11169 12169
3 5 11746 12746
1 5 12323 13323
3 5 13189 14189
0 5 13477 14477
2 5 14054 15054
1 5 14631 15631
0 5 15496 16496
2 5 15785 16785
1 5 16362 17362
2 5 16939 17939
3 5 17804 18804
1 5 18092 19092
3 5 18669 19669
0 5 19246 20246
2 5 19823 20823
0 5 20400 21400
1 5 20977 21977
2 5 21554 22554
3 5 22131 23131
2 5 22131 23131
0 5 22708 23708
1 5 22708 23708
3 5 23285 24285
2 5 23285 24285
0 5 23862 24862
1 5 23862 24862
3 5 24439 25439
0 5 24727 25727
2 5 25016 26016
1 5 25592 26592
2 5 25881 26881
0 5 26746 27746
1 5 26746 27746
3 5 27323 28323
2 5 27323 28323
1 5 27900 28900
0 5 27900 28900
3 5 28477 29477
2 5 28766 29766
1 5 29054 30054
2 5 29631 30631
0 5 29919 30919
1 5 30208 31208
3 5 30785 31785
2 5 31650 32650
1 5 31939 32939
3 5 32227 33227
0 5 32516 33516
1 5 33092 34092
2 5 33669 34669
0 5 33958 34958
2 5 34246 35246
1 5 34823 35823
3 5 35112 36112
1 5 35400 36400
2 5 35689 36689
0 5 36266 37266
1 5 36554 37554
2 5 36842 37842
3 5 37131 38131
1 5 37708 38708
2 5 38285 39285
0 5 38573 39573
3 5 38862 39862
1 5 39150 40150
2 5 39439 40439
0 5 40016 41016
3 5 40592 41592
0 5 41169 42169
2 5 41169 42169
1 5 41746 42746
3 5 41746 42746
2 5 42323 43323
0 5 42323 43323
3 5 42900 43900
2 5 42900 43900
1 5 43477 44477
0 5 43477 44477
3 5 44054 45054
2 5 44054 45054
1 5 44631 45631
0 5 44631 45631
1 5 45208 46208
3 5 45208 46208
2 5 45785 46785
0 5 45785 46785
1 5 46362 47362
3 5 46362 47362
2 5 46939 47939
0 5 46939 47939
2 5 47516 48516
3 5 47516 48516
1 5 48092 49092
0 5 48092 49092
3 5 48669 49669
2 5 48669 49669
0 5 49246 50246
1 5 49246 50246
0 5 49823 50823
3 5 49823 50823
1 5 50400 51400
2 5 50400 51400
3 5 50977 51977
0 5 50977 51977
1 5 51554 52554
3 5 51842 52842
2 5 52131 53131
1 5 52708 53708
0 5 53285 54285
2 5 53862 54862
0 5 54439 55439
3 5 54439 55439
1 5 55016 56016
2 5 55016 56016
0 5 55592 56592
3 5 55592 56592
2 5 56169 57169
0 5 56458 57458
1 5 56746 57746
3 5 57323 58323
0 5 57900 58900
2 5 58477 59477
0 5 59342 60342
3 5 59631 60631
1 5 60208 61208
2 5 60785 61785
3 5 61650 62650
1 5 61939 62939
2 5 62516 63516
1 5 63092 64092
0 5 63958 64958
2 5 64246 65246
0 5 64823 65823
3 5 65400 66400
1 5 65977 66977
3 5 66554 67554
2 5 67131 68131
1 5 67708 68708
0 5 68285 69285
1 5 68285 69285
3 5 68862 69862
2 5 68862 69862
0 5 69439 70439
1 5 69439 70439
3 5 70016 71016
2 5 70016 71016
0 5 70592 71592
3 5 70881 71881
1 5 71169 72169
2 5 71746 72746
1 5 72035 73035
3 5 72900 73900
2 5 72900 73900
0 5 73477 74477
1 5 73477 74477
2 5 74054 75054
3 5 74054 75054
0 5 74631 75631
1 5 74919 75919
2 5 75208 76208
1 5 75785 76785
3 5 76073 77073
2 5 76362 77362
0 5 76939 77939
1 5 77804 78804
2 5 78092 79092
0 5 78381 79381
3 5 78669 79669
2 5 79246 80246
1 5 79823 80823
3 5 80112 81112
1 5 80400 81400
2 5 80977 81977
0 5 81266 82266
2 5 81554 82554
1 5 81842 82842
3 5 82419 83419
2 5 82708 83708
1 5 82996 83996
0 5 83285 84285
2 5 83862 84862
1 5 84439 85439
3 5 84727 85727
0 5 85016 86016
2 5 85304 86304
1 5 85592 86592
3 5 86169 87169
0 5 86746 87746
2 5 86746 87746
3 5 87323 88323
1 5 87323 88323
2 5 87900 88900
0 5 87900 88900
1 5 88477 89477
3 5 88477 89477
0 5 89054 90054
1 5 89054 90054
2 5 89631 90631
3 5 89631 90631
1 5 90208 91208
2 5 90785 91785
0 5 91362 92362
