casin puffs
kmlkmljkl
Normal
4669
2 5 208 1208
0 5 208 1208
1 5 496 1496
3 5 785 1785
0 5 785 1785
2 5 1073 2073
1 5 1362 2362
3 5 1362 2362
0 5 1650 2650
1 5 1939 2939
3 5 1939 2939 T
2 5 2227 3227 T
3 5 2516 3516 T
0 5 2516 3516
1 5 2804 3804
2 5 3092 4092
0 5 3669 4669
3 5 3669 4669
1 5 3958 4958
3 5 3958 4958
2 5 4246 5246
1 5 4246 5246
0 5 4535 5535
3 5 4535 5535
3 5 4823 5823
1 5 4823 5823
2 5 5112 6112
1 5 5112 6112
2 5 5689 6689
0 5 5833 6833
1 5 5977 6977
1 5 6266 7266
3 5 6410 7410
2 5 6554 7554
2 5 6842 7842
1 5 6987 7987
0 5 7131 8131
0 5 7419 8419
2 5 7564 8564
3 5 7708 8708
3 5 8285 9285
0 5 8285 9285
2 5 8573 9573
0 5 8573 9573
1 5 8862 9862
2 5 8862 9862
3 5 9150 10150
0 5 9150 10150
0 5 9439 10439
2 5 9439 10439
1 5 9727 10727
2 5 9727 10727
1 5 10304 11304
3 5 10448 11448
2 5 10592 11592
2 5 10881 11881
0 5 11025 12025
1 5 11169 12169
1 5 11458 12458
2 5 11602 12602
3 5 11746 12746
3 5 12035 13035
1 5 12179 13179
0 5 12323 13323
3 5 13044 14044
0 5 13189 14189
1 5 13477 14477
2 5 13766 14766
3 5 14054 15054
1 5 14342 15342
2 5 14487 15487
0 5 14631 15631
1 5 15496 16496
3 5 15641 16641
1 5 15785 16785
0 5 16073 17073
2 5 16362 17362
3 5 16650 17650
2 5 16939 17939
1 5 17660 18660
3 5 17804 18804
2 5 18092 19092
1 5 18381 19381
2 5 18669 19669
0 5 18958 19958
2 5 19102 20102
1 5 19246 20246
3 5 19679 20679
2 5 19823 20823
1 5 20112 21112
2 5 20400 21400
0 5 20689 21689
2 5 20977 21977
0 5 21266 22266
1 5 21554 22554
3 5 22131 23131
1 5 22131 23131
2 5 22419 23419
1 5 22419 23419
2 5 22708 23708
0 5 22708 23708
3 5 22996 23996
1 5 22996 23996
1 5 23285 24285
2 5 23285 24285
2 5 23573 24573
0 5 23573 24573
3 5 24439 25439
2 5 24583 25583
0 5 24727 25727
1 5 24871 25871
2 5 25016 26016
0 5 25304 26304
3 5 25592 26592
1 5 25881 26881
2 5 26746 27746
0 5 26746 27746
1 5 27035 28035
2 5 27035 28035
1 5 27323 28323
3 5 27323 28323
2 5 27612 28612
0 5 27612 28612
1 5 27900 28900
2 5 27900 28900
1 5 28189 29189
3 5 28189 29189
0 5 28477 29477
3 5 28621 29621
1 5 28766 29766
2 5 29054 30054
0 5 29631 30631
1 5 29919 30919
2 5 30208 31208
0 5 30352 31352
3 5 30496 31496
2 5 30785 31785
1 5 31073 32073
3 5 31650 32650
2 5 31794 32794
1 5 31939 32939
0 5 32083 33083
2 5 32227 33227
0 5 32516 33516
3 5 32804 33804
0 5 33092 34092
2 5 33525 34525
1 5 33669 34669
3 5 33814 34814
0 5 33958 34958
2 5 34246 35246
1 5 34535 35535
3 5 34823 35823
1 5 34967 35967
3 5 35112 36112
2 5 35400 36400
1 5 35689 36689
1 5 36121 37121
3 5 36266 37266
0 5 36410 37410
2 5 36554 37554
1 5 36842 37842
3 5 37131 38131
2 5 37275 38275
1 5 37419 38419
2 5 37708 38708
0 5 38141 39141
2 5 38285 39285
1 5 38429 39429
3 5 38573 39573
0 5 38717 39717
2 5 38862 39862
1 5 39006 40006
2 5 39150 40150
0 5 39294 40294
3 5 39439 40439
2 5 39583 40583
0 5 39727 40727
1 5 40016 41016
3 5 40592 41592
2 5 40592 41592
1 5 40881 41881
2 5 40881 41881
1 5 41169 42169
0 5 41169 42169
3 5 41458 42458
2 5 41458 42458
2 5 41746 42746
1 5 41746 42746
1 5 42035 43035
0 5 42035 43035
1 5 42900 43900
0 5 42900 43900
1 5 43189 44189
2 5 43189 44189
2 5 43477 44477
3 5 43477 44477
0 5 43766 44766
1 5 43766 44766
1 5 44054 45054
2 5 44054 45054
2 5 44342 45342
3 5 44342 45342
0 5 45208 46208
2 5 45208 46208
0 5 45496 46496
3 5 45496 46496
1 5 45785 46785
3 5 45785 46785
2 5 46073 47073
0 5 46073 47073
0 5 46362 47362
3 5 46362 47362
1 5 46650 47650
3 5 46650 47650
3 5 47516 48516
1 5 47516 48516
3 5 47804 48804
0 5 47804 48804
2 5 48092 49092
0 5 48092 49092
3 5 48381 49381
1 5 48381 49381
0 5 48669 49669
3 5 48669 49669
0 5 48958 49958
2 5 48958 49958
3 5 49823 50823
0 5 49823 50823
2 5 50112 51112
0 5 50112 51112
1 5 50400 51400
2 5 50400 51400
3 5 50689 51689
0 5 50689 51689
0 5 50977 51977
2 5 50977 51977
1 5 51266 52266
2 5 51266 52266
1 5 51842 52842
3 5 51987 52987
2 5 52131 53131
2 5 52419 53419
0 5 52564 53564
1 5 52708 53708
1 5 52996 53996
2 5 53141 54141
3 5 53285 54285
3 5 53573 54573
1 5 53717 54717
0 5 53862 54862
0 5 54439 55439
3 5 54439 55439
1 5 54727 55727
3 5 54727 55727
2 5 55016 56016
1 5 55016 56016
0 5 55304 56304
3 5 55304 56304
3 5 55592 56592
1 5 55592 56592
2 5 55881 56881
1 5 55881 56881
2 5 56458 57458
0 5 56602 57602
1 5 56746 57746
1 5 57035 58035
3 5 57179 58179
2 5 57323 58323
2 5 57612 58612
1 5 57756 58756
0 5 57900 58900
0 5 58189 59189
2 5 58333 59333
3 5 58477 59477
0 5 59198 60198
3 5 59342 60342
2 5 59631 60631
1 5 59919 60919
0 5 60208 61208
2 5 60496 61496
1 5 60641 61641
3 5 60785 61785
2 5 61650 62650
0 5 61794 62794
2 5 61939 62939
3 5 62227 63227
1 5 62516 63516
0 5 62804 63804
1 5 63092 64092
2 5 63814 64814
0 5 63958 64958
1 5 64246 65246
2 5 64535 65535
1 5 64823 65823
3 5 65112 66112
1 5 65256 66256
2 5 65400 66400
0 5 65833 66833
1 5 65977 66977
2 5 66266 67266
1 5 66554 67554
3 5 66842 67842
1 5 67131 68131
3 5 67419 68419
2 5 67708 68708
0 5 68285 69285
2 5 68285 69285
1 5 68573 69573
2 5 68573 69573
1 5 68862 69862
3 5 68862 69862
0 5 69150 70150
2 5 69150 70150
2 5 69439 70439
1 5 69439 70439
1 5 69727 70727
3 5 69727 70727
0 5 70592 71592
1 5 70737 71737
3 5 70881 71881
2 5 71025 72025
1 5 71169 72169
3 5 71458 72458
0 5 71746 72746
2 5 72035 73035
1 5 72900 73900
3 5 72900 73900
2 5 73189 74189
1 5 73189 74189
2 5 73477 74477
0 5 73477 74477
1 5 73766 74766
3 5 73766 74766
2 5 74054 75054
1 5 74054 75054
2 5 74342 75342
0 5 74342 75342
3 5 74631 75631
0 5 74775 75775
2 5 74919 75919
1 5 75208 76208
3 5 75785 76785
2 5 76073 77073
1 5 76362 77362
3 5 76506 77506
0 5 76650 77650
1 5 76939 77939
2 5 77227 78227
0 5 77804 78804
1 5 77948 78948
2 5 78092 79092
3 5 78237 79237
1 5 78381 79381
3 5 78669 79669
0 5 78958 79958
3 5 79246 80246
1 5 79679 80679
2 5 79823 80823
0 5 79967 80967
3 5 80112 81112
1 5 80400 81400
2 5 80689 81689
0 5 80977 81977
2 5 81121 82121
0 5 81266 82266
1 5 81554 82554
2 5 81842 82842
2 5 82275 83275
0 5 82419 83419
3 5 82564 83564
1 5 82708 83708
2 5 82996 83996
0 5 83285 84285
1 5 83429 84429
2 5 83573 84573
1 5 83862 84862
3 5 84294 85294
1 5 84439 85439
2 5 84583 85583
0 5 84727 85727
3 5 84871 85871
1 5 85016 86016
2 5 85160 86160
1 5 85304 86304
3 5 85448 86448
0 5 85592 86592
1 5 85737 86737
3 5 85881 86881
2 5 86169 87169
0 5 86746 87746
1 5 86746 87746
2 5 87035 88035
1 5 87035 88035
2 5 87323 88323
3 5 87323 88323
0 5 87612 88612
1 5 87612 88612
1 5 87900 88900
2 5 87900 88900
2 5 88189 89189
3 5 88189 89189
2 5 89054 90054
3 5 89054 90054
2 5 89342 90342
1 5 89342 90342
1 5 89631 90631
0 5 89631 90631
3 5 89919 90919
2 5 89919 90919
2 5 90208 91208
1 5 90208 91208
1 5 90496 91496
0 5 90496 91496
3 5 91362 92362
