RUNNING IN THE 90'S
MAX COVERI
SCHOOLBOY'S EXTRA
159
1 5 78 1078
0 5 173 1173
2 5 551 1551
3 5 835 1835
1 5 930 1930
0 5 1308 2308
1 5 1687 2687
3 5 2065 3065
1 5 2444 3444
2 5 2822 3822
3 5 3106 4106
0 5 3200 4200
2 5 3580 4580
0 5 3863 4863
3 5 3958 4958
0 5 4337 5337
1 5 4715 5715
3 5 5094 6094
0 5 5472 6472
3 5 5851 6851
1 5 6135 7135
2 5 6229 7229
1 5 6608 7608
2 5 6892 7892
1 5 6986 7986
2 5 7365 8365
0 5 7744 8744
2 5 8122 9122
1 5 8501 9501
0 5 8879 9879
1 5 9163 10163
3 5 9258 10258
1 5 9636 10636
3 5 9920 10920
0 5 10015 11015
2 5 10393 11393
1 5 10772 11772
0 5 11151 12151
3 5 11529 12529
1 5 17586 18586
3 5 17870 18870
0 5 17964 18964
1 5 18343 19343
0 5 18627 19627
1 5 18721 19721
3 5 18911 19911
2 5 19100 20100
3 5 19385 20385
1 5 19479 20479
2 5 19857 20857
3 5 20141 21141
1 5 20236 21236
0 5 20614 21614
2 5 20804 21804
0 5 20898 21898
3 5 20993 21993
0 5 21371 22371
2 5 21655 22655
1 5 21750 22750
2 5 21939 22939
1 5 22128 23128
2 5 22318 23318
3 5 22507 23507
0 5 22696 23696
2 5 22886 23886
3 5 23075 24075
0 5 23264 24264
3 5 23453 24453
1 5 23643 24643
2 5 23832 24832
0 5 23927 24927
3 5 24021 25021
0 5 24210 25210
2 5 24400 25400
3 5 24589 25589
0 5 24684 25684
2 5 24778 25778
1 5 24968 25968
0 5 25157 26157
2 5 25251 26251
1 5 25441 26441
0 5 25725 26725
2 5 25914 26914
1 5 26009 27009
3 5 26198 27198
2 5 26482 27482
0 5 26671 27671
1 5 26860 27860
0 5 26955 27955
2 5 27050 28050
3 5 27239 28239
1 5 27428 28428
0 5 27617 28617
2 5 27712 28712
0 5 27807 28807
2 5 27996 28996
3 5 28185 29185
1 5 28280 29280
2 5 28469 29469
0 5 28564 29564
1 5 28753 29753
3 5 28942 29942
0 5 29037 30037
2 5 29321 30321
3 5 29416 30416
1 5 29510 30510
3 5 29605 30605
2 5 29699 30699
0 5 29889 30889
3 5 29983 30983
2 5 30078 31078
1 5 30267 31267
0 5 30457 31457
3 5 30646 31646
1 5 30741 31741
2 5 30836 31836
0 5 31024 32024
1 5 31214 32214
3 5 31308 32308
1 5 31498 32498
2 5 31781 32781
0 5 31971 32971
3 5 32065 33065
2 5 32255 33255
1 5 32539 33539
3 5 32728 33728
2 5 32917 33917
0 5 33012 34012
3 5 33106 34106
0 5 33296 34296
3 5 33485 34485
1 5 33674 34674
0 5 33769 34769
3 5 33863 34863
2 5 34053 35053
1 5 34242 35242
0 5 34431 35431
3 5 34621 35621
1 5 34810 35810
3 5 34999 35999
2 5 35188 36188
3 5 35378 36378
2 5 35567 36567
0 5 35756 36756
3 5 36040 37040
0 5 36135 37135
2 5 36513 37513
0 5 36703 37703
3 5 37081 38081
2 5 37176 38176
3 5 37270 38270
2 5 37554 38554
0 5 37649 38649
1 5 38027 39027
3 5 38217 39217
0 5 38595 39595
1 5 38690 39690
3 5 38785 39785
2 5 39068 40068
1 5 39163 40163
0 5 39542 40542
3 5 39731 40731
2 5 39920 40920
0 5 40110 41110
2 5 40299 41299
3 5 40677 41677
0 5 41056 42056
3 5 41245 42245
2 5 41813 42813
1 5 42097 43097
0 5 42192 43192
2 5 42570 43570
3 5 42759 43759
0 5 43138 44138
3 5 43233 44233
0 5 43327 44327
1 5 43611 44611
2 5 43706 44706
3 5 44084 45084
1 5 44274 45274
3 5 44652 45652
0 5 44747 45747
3 5 44841 45841
1 5 45125 46125
0 5 45220 46220
2 5 45598 46598
3 5 45977 46977
0 5 46356 47356
3 5 46734 47734
1 5 47113 48113
3 5 47302 48302
2 5 47870 48870
0 5 48154 49154
2 5 48248 49248
1 5 48627 49627
0 5 48816 49816
3 5 49005 50005
1 5 49289 50289
3 5 49384 50384
2 5 49573 50573
1 5 49763 50763
3 5 49952 50952
0 5 50141 51141
2 5 50330 51330
1 5 50520 51520
2 5 50709 51709
1 5 50898 51898
2 5 51182 52182
1 5 51277 52277
0 5 51655 52655
1 5 51845 52845
0 5 52034 53034
1 5 52318 53318
0 5 52412 53412
2 5 52696 53696
3 5 52791 53791
1 5 52980 53980
0 5 53359 54359
1 5 53548 54548
3 5 53832 54832
0 5 53927 54927
1 5 54210 55210
0 5 54305 55305
2 5 54589 55589
1 5 54684 55684
0 5 54873 55873
1 5 55062 56062
2 5 55346 56346
3 5 55441 56441
2 5 55630 56630
1 5 55819 56819
2 5 56009 57009
1 5 56198 57198
3 5 56387 57387
1 5 56576 57576
0 5 56766 57766
2 5 56955 57955
1 5 57333 58333
3 5 57712 58712
0 5 57901 58901
2 5 58091 59091
1 5 58469 59469
3 5 58848 59848
1 5 59226 60226
0 5 59605 60605
1 5 59983 60983
2 5 60267 61267
1 5 60362 61362
2 5 60646 61646
1 5 60740 61740
0 5 61024 62024
3 5 61119 62119
2 5 61308 62308
3 5 61498 62498
0 5 61687 62687
2 5 61971 62971
1 5 62065 63065
0 5 62255 63255
1 5 62539 63539
2 5 62633 63633
0 5 62822 63822
3 5 63012 64012
2 5 63296 64296
1 5 63390 64390
0 5 63674 64674
3 5 63769 64769
1 5 64053 65053
3 5 64147 65147
1 5 64337 65337
3 5 64526 65526
0 5 64715 65715
3 5 64810 65810
0 5 64904 65904
2 5 65094 66094
3 5 65189 66189
2 5 65283 66283
0 5 65567 66567
1 5 65662 66662
0 5 66040 67040
1 5 66324 67324
2 5 66419 67419
1 5 66703 67703
0 5 66797 67797
2 5 67081 68081
3 5 67176 68176
2 5 67365 68365
0 5 67554 68554
3 5 67744 68744
0 5 68027 69027
2 5 68122 69122
0 5 68311 69311
3 5 68595 69595
2 5 68690 69690
1 5 68879 69879
3 5 69068 70068
0 5 69258 70258
2 5 69352 70352
3 5 69447 70447
1 5 69636 70636
3 5 69730 70730
1 5 69826 70826
2 5 70110 71110
3 5 70204 71204
1 5 70488 71488
0 5 70583 71583
3 5 70867 71867
0 5 70961 71961
1 5 71151 72151
0 5 71340 72340
3 5 71529 72529
0 5 71718 72718
1 5 71813 72813
0 5 71908 72908
2 5 72002 73002
1 5 72097 73097
2 5 72381 73381
1 5 72475 73475
3 5 72759 73759
2 5 72853 73853
1 5 73138 74138
0 5 73233 74233
3 5 73422 74422
2 5 73611 74611
3 5 73800 74800
1 5 74084 75084
0 5 74179 75179
3 5 74368 75368
2 5 74652 75652
1 5 74747 75747
2 5 74936 75936
0 5 75125 76125
3 5 75409 76409
0 5 75504 76504
2 5 75788 76788
0 5 75882 76882
3 5 76166 77166
1 5 76261 77261
3 5 76450 77450
0 5 76639 77639
2 5 76829 77829
1 5 76923 77923
2 5 77018 78018
0 5 77207 78207
1 5 77301 78301
3 5 77397 78397
2 5 77680 78680
3 5 77775 78775
1 5 78154 79154
3 5 78438 79438
1 5 78532 79532
2 5 78816 79816
0 5 78911 79911
3 5 79195 80195
2 5 79289 80289
0 5 79479 80479
3 5 79668 80668
1 5 79857 80857
2 5 80141 81141
1 5 80236 81236
3 5 80425 81425
1 5 80709 81709
0 5 80804 81804
2 5 80993 81993
0 5 81182 82182
1 5 81371 82371
2 5 81466 82466
0 5 81561 82561
1 5 81750 82750
2 5 81845 82845
3 5 81939 82939
1 5 82223 83223
2 5 82318 83318
0 5 82507 83507
3 5 82886 83886
1 5 82980 83980
0 5 83075 84075
1 5 83453 84453
0 5 84210 85210
2 5 84400 85400
3 5 84494 85494
1 5 84589 85589
3 5 84778 85778
0 5 84968 85968
3 5 85157 86157
1 5 85251 86251
0 5 85346 86346
2 5 85535 86535
3 5 85725 86725
0 5 85819 86819
1 5 86009 87009
2 5 86292 87292
0 5 86482 87482
3 5 86576 87576
1 5 86766 87766
3 5 87050 88050
0 5 87239 88239
2 5 87428 88428
3 5 87523 88523
1 5 87617 88617
2 5 87807 88807
1 5 87996 88996
2 5 88185 89185
1 5 88280 89280
3 5 88374 89374
2 5 88564 89564
1 5 88753 89753
0 5 88848 89848
2 5 89037 90037
1 5 89132 90132
0 5 89321 90321
3 5 89510 90510
1 5 89605 90605
0 5 89889 90889
2 5 89983 90983
3 5 90078 91078
1 5 90173 91173
0 5 90267 91267
2 5 90457 91457
3 5 90551 91551
1 5 90646 91646
0 5 90835 91835
2 5 91024 92024
1 5 91214 92214
3 5 91308 92308
2 5 91403 92403
3 5 91592 92592
1 5 91781 92781
3 5 91876 92876
2 5 92065 93065
0 5 92349 93349
1 5 92539 93539
2 5 92633 93633
3 5 92822 93822
1 5 93106 94106
3 5 93296 94296
2 5 93485 94485
3 5 93580 94580
0 5 93674 94674
2 5 93863 94863
1 5 94053 95053
2 5 94242 95242
0 5 94337 95337
1 5 94431 95431
2 5 94621 95621
0 5 94810 95810
1 5 94999 95999
3 5 95188 96188
1 5 95378 96378
0 5 95567 96567
2 5 95757 96757
1 5 95946 96946
2 5 96135 97135
3 5 96324 97324
2 5 96608 97608
1 5 96703 97703
0 5 97081 98081
1 5 97270 98270
3 5 97649 98649
0 5 97744 98744
2 5 97838 98838
3 5 98122 99122
2 5 98216 99216
3 5 98595 99595
2 5 98785 99785
3 5 99163 100163
1 5 99258 100258
2 5 99352 100352
1 5 99636 100636
2 5 99731 100731
1 5 100110 101110
0 5 100299 101299
1 5 100488 101488
2 5 100677 101677
1 5 100867 101867
2 5 101245 102245
3 5 101624 102624
2 5 101813 102813
0 5 102381 103381
3 5 102665 103665
0 5 102759 103759
3 5 103138 104138
1 5 103327 104327
0 5 103706 104706
3 5 103800 104800
0 5 103895 104895
2 5 104179 105179
0 5 104273 105273
1 5 104652 105652
3 5 104841 105841
2 5 105220 106220
1 5 105315 106315
0 5 105409 106409
3 5 105693 106693
1 5 105788 106788
3 5 106166 107166
0 5 106356 107356
3 5 106545 107545
0 5 106734 107734
2 5 106923 107923
3 5 107302 108302
2 5 107680 108680
1 5 107870 108870
3 5 108438 109438
0 5 108721 109721
3 5 108816 109816
1 5 109195 110195
2 5 109384 110384
0 5 109573 110573
1 5 109857 110857
2 5 109952 110952
1 5 110141 111141
0 5 110330 111330
1 5 110520 111520
3 5 110709 111709
2 5 110898 111898
1 5 111087 112087
2 5 111277 112277
3 5 111466 112466
2 5 111750 112750
3 5 111845 112845
0 5 112223 113223
1 5 112412 113412
3 5 112602 113602
0 5 112886 113886
2 5 112980 113980
3 5 113264 114264
1 5 113359 114359
0 5 113548 114548
2 5 113927 114927
0 5 114116 115116
1 5 114400 115400
2 5 114494 115494
3 5 114778 115778
2 5 114873 115873
3 5 115157 116157
2 5 115251 116251
0 5 115441 116441
1 5 115630 116630
2 5 115914 116914
1 5 116009 117009
0 5 116198 117198
3 5 116387 117387
0 5 116576 117576
1 5 116766 117766
0 5 116955 117955
2 5 117144 118144
1 5 117333 118333
0 5 117523 118523
1 5 117807 118807
3 5 117901 118901
2 5 118280 119280
0 5 118469 119469
1 5 118658 119658
2 5 119037 120037
0 5 119416 120416
2 5 119794 120794
1 5 120173 121173
2 5 120551 121551
1 5 120835 121835
3 5 120930 121930
2 5 121214 122214
1 5 121309 122309
3 5 121592 122592
2 5 121687 122687
1 5 121876 122876
2 5 122065 123065
1 5 122255 123255
3 5 122538 123538
2 5 122633 123633
0 5 122822 123822
1 5 123106 124106
2 5 123201 124201
0 5 123390 124390
2 5 123580 124580
3 5 123863 124863
1 5 123958 124958
3 5 124242 125242
1 5 124337 125337
3 5 124621 125621
2 5 124715 125715
1 5 124904 125904
0 5 125094 126094
3 5 125283 126283
0 5 125378 126378
2 5 125472 126472
1 5 125662 126662
3 5 125757 126757
0 5 125851 126851
2 5 126135 127135
0 5 126229 127229
3 5 126608 127608
0 5 126892 127892
1 5 126986 127986
3 5 127270 128270
1 5 127365 128365
3 5 127649 128649
1 5 127744 128744
0 5 127933 128933
3 5 128122 129122
2 5 128311 129311
1 5 128595 129595
2 5 128690 129690
3 5 128879 129879
0 5 129163 130163
1 5 129258 130258
2 5 129447 130447
1 5 129636 130636
3 5 129826 130826
2 5 129920 130920
1 5 130015 131015
0 5 130204 131204
3 5 130298 131298
0 5 130393 131393
3 5 130677 131677
1 5 130772 131772
2 5 130961 131961
1 5 131151 132151
0 5 131434 132434
1 5 131529 132529
2 5 131718 132718
0 5 131908 132908
2 5 132097 133097
0 5 132286 133286
3 5 132381 133381
1 5 132475 133475
2 5 132570 133570
0 5 132665 133665
3 5 132949 133949
2 5 133043 134043
1 5 133327 134327
0 5 133422 134422
1 5 133706 134706
0 5 133800 134800
3 5 133990 134990
0 5 134179 135179
1 5 134368 135368
3 5 134652 135652
2 5 134747 135747
1 5 134936 135936
2 5 135220 136220
3 5 135315 136315
1 5 135504 136504
0 5 135693 136693
2 5 135977 136977
0 5 136072 137072
1 5 136356 137356
0 5 136450 137450
1 5 136734 137734
2 5 136829 137829
1 5 137018 138018
3 5 137207 138207
1 5 137397 138397
2 5 137491 138491
3 5 137586 138586
1 5 137775 138775
0 5 137870 138870
2 5 137964 138964
1 5 138248 139248
2 5 138343 139343
3 5 138721 139721
2 5 139005 140005
1 5 139100 140100
3 5 139384 140384
1 5 139479 140479
2 5 139763 140763
0 5 139857 140857
2 5 140046 141046
0 5 140236 141236
3 5 140425 141425
1 5 140709 141709
2 5 140804 141804
0 5 140993 141993
1 5 141277 142277
0 5 141371 142371
3 5 141561 142561
2 5 141750 142750
3 5 141939 142939
0 5 142034 143034
3 5 142128 143128
2 5 142318 143318
3 5 142413 143413
1 5 142507 143507
2 5 142791 143791
0 5 142886 143886
1 5 143075 144075
0 5 143453 144453
1 5 143548 144548
3 5 143643 144643
0 5 144021 145021
1 5 144778 145778
3 5 144968 145968
1 5 145062 146062
2 5 145157 146157
3 5 145346 146346
2 5 145535 146535
3 5 145725 146725
0 5 145819 146819
2 5 145914 146914
3 5 146103 147103
2 5 146292 147292
1 5 146387 147387
2 5 146576 147576
3 5 146860 147860
0 5 147050 148050
3 5 147144 148144
2 5 147333 148333
1 5 147617 148617
0 5 147807 148807
2 5 147996 148996
0 5 148091 149091
2 5 148185 149185
0 5 148374 149374
2 5 148564 149564
3 5 148753 149753
2 5 148848 149848
3 5 148942 149942
1 5 149132 150132
2 5 149321 150321
3 5 149416 150416
1 5 149605 150605
3 5 149700 150700
1 5 149889 150889
0 5 150078 151078
3 5 150173 151173
1 5 150457 151457
2 5 150551 151551
0 5 150646 151646
2 5 150740 151740
1 5 150835 151835
2 5 151024 152024
3 5 151119 152119
0 5 151214 152214
2 5 151403 152403
1 5 151592 152592
3 5 151781 152781
2 5 151876 152876
0 5 151971 152971
1 5 152160 153160
2 5 152349 153349
1 5 152444 153444
2 5 152633 153633
1 5 152917 153917
3 5 153106 154106
2 5 153201 154201
1 5 153391 154391
0 5 153674 154674
2 5 153863 154863
0 5 154053 155053
3 5 154147 155147
0 5 154242 155242
1 5 154431 155431
3 5 154621 155621
1 5 154810 155810
3 5 154904 155904
1 5 154999 155999
3 5 155188 156188
0 5 155378 156378
2 5 155567 156567
1 5 155756 156756
0 5 155945 156945
2 5 156135 157135
1 5 156324 157324
3 5 156513 157513
2 5 156703 157703
0 5 156892 157892
1 5 157270 158270
3 5 157649 158649
0 5 157838 158838
2 5 158027 159027
3 5 158217 159217
2 5 158311 159311
3 5 158406 159406
0 5 158785 159785
3 5 159163 160163
0 5 159352 160352
3 5 159826 160826
0 5 159920 160920
3 5 160299 161299
0 5 160677 161677
2 5 160867 161867
0 5 161056 162056
2 5 161245 162245
1 5 161340 162340
2 5 161434 162434
1 5 161813 162813
0 5 162192 163192
3 5 162381 163381
1 5 162949 163949
2 5 163327 164327
3 5 163706 164706
1 5 163895 164895
0 5 164084 165084
1 5 164274 165274
0 5 164368 165368
1 5 164463 165463
0 5 164841 165841
1 5 165220 166220
3 5 165409 166409
1 5 165882 166882
2 5 165977 166977
1 5 166356 167356
3 5 166734 167734
2 5 166923 167923
1 5 167113 168113
3 5 167302 168302
1 5 167397 168397
3 5 167491 168491
0 5 167870 168870
2 5 168154 169154
3 5 168248 169248
1 5 168438 169438
2 5 169005 170005
0 5 169195 170195
3 5 169384 170384
1 5 169573 170573
3 5 169763 170763
2 5 169952 170952
0 5 170141 171141
1 5 170330 171330
3 5 170425 171425
2 5 170520 171520
0 5 170709 171709
2 5 170898 171898
0 5 171087 172087
3 5 171277 172277
0 5 171466 172466
2 5 171655 172655
1 5 171845 172845
0 5 172034 173034
1 5 172223 173223
2 5 172412 173412
0 5 172602 173602
3 5 172791 173791
1 5 172980 173980
0 5 173169 174169
1 5 173359 174359
0 5 173453 174453
3 5 173548 174548
1 5 173927 174927
0 5 174210 175210
2 5 174305 175305
3 5 174684 175684
1 5 175062 176062
0 5 175251 176251
3 5 175441 176441
1 5 175630 176630
3 5 175819 176819
2 5 176009 177009
0 5 176198 177198
1 5 176387 177387
2 5 176482 177482
1 5 176576 177576
0 5 176766 177766
3 5 176955 177955
0 5 177145 178145
2 5 177333 178333
1 5 177523 178523
3 5 177712 178712
0 5 177902 178902
2 5 177996 178996
0 5 178091 179091
3 5 178280 179280
0 5 178469 179469
3 5 178658 179658
1 5 178848 179848
3 5 179037 180037
2 5 179226 180226
1 5 179416 180416
0 5 179605 180605
2 5 179983 180983
3 5 180362 181362
0 5 180740 181740
2 5 181119 182119
0 5 181403 182403
3 5 181498 182498
2 5 181781 182781
3 5 181876 182876
0 5 182160 183160
2 5 182255 183255
3 5 182444 183444
1 5 182633 183633
0 5 182822 183822
1 5 183106 184106
0 5 183201 184201
3 5 183390 184390
1 5 183674 184674
2 5 183769 184769
0 5 183958 184958
1 5 184147 185147
2 5 184431 185431
0 5 184526 185526
2 5 184810 185810
3 5 184904 185904
0 5 185188 186188
3 5 185283 186283
0 5 185472 186472
2 5 185662 186662
1 5 185851 186851
0 5 185945 186945
2 5 186040 187040
1 5 186229 187229
2 5 186323 187323
1 5 186419 187419
0 5 186703 187703
3 5 186797 187797
1 5 187176 188176
0 5 187460 188460
2 5 187554 188554
0 5 187838 188838
2 5 187933 188933
0 5 188217 189217
3 5 188311 189311
1 5 188501 189501
0 5 188690 189690
3 5 188879 189879
0 5 189163 190163
3 5 189258 190258
0 5 189447 190447
2 5 189731 190731
3 5 189826 190826
1 5 190015 191015
0 5 190204 191204
3 5 190393 191393
1 5 190488 191488
3 5 190583 191583
0 5 190772 191772
3 5 190867 191867
1 5 190961 191961
3 5 191245 192245
2 5 191340 192340
1 5 191624 192624
0 5 191718 192718
3 5 192002 193002
1 5 192097 193097
2 5 192286 193286
1 5 192475 193475
2 5 192665 193665
0 5 192854 193854
1 5 192949 193949
2 5 193043 194043
0 5 193138 194138
2 5 193233 194233
3 5 193516 194516
2 5 193611 194611
0 5 193895 194895
2 5 193990 194990
1 5 194274 195274
2 5 194368 195368
1 5 194557 195557
0 5 194747 195747
2 5 194936 195936
3 5 195220 196220
1 5 195315 196315
0 5 195504 196504
2 5 195788 196788
3 5 195882 196882
0 5 196072 197072
1 5 196261 197261
3 5 196545 197545
2 5 196639 197639
3 5 196923 197923
0 5 197018 198018
3 5 197302 198302
1 5 197397 198397
3 5 197586 198586
1 5 197775 198775
3 5 197964 198964
0 5 198059 199059
3 5 198154 199154
0 5 198343 199343
3 5 198438 199438
0 5 198532 199532
3 5 198816 199816
2 5 198911 199911
3 5 199100 200100
1 5 199289 200289
2 5 199573 200573
3 5 199668 200668
1 5 199952 200952
0 5 200046 201046
3 5 200330 201330
1 5 200425 201425
2 5 200614 201614
1 5 200804 201804
3 5 200993 201993
2 5 201277 202277
3 5 201371 202371
1 5 201561 202561
3 5 201845 202845
0 5 201939 202939
3 5 202128 203128
0 5 202318 203318
3 5 202507 203507
0 5 202602 203602
2 5 202696 203696
1 5 202886 203886
2 5 202981 203981
1 5 203075 204075
3 5 203359 204359
0 5 203453 204453
3 5 203643 204643
0 5 204021 205021
3 5 204116 205116
0 5 204210 205210
3 5 204589 205589
0 5 205346 206346
3 5 205535 206535
1 5 205630 206630
3 5 205725 206725
0 5 205914 206914
2 5 206103 207103
1 5 206292 207292
3 5 206387 207387
2 5 206482 207482
0 5 206671 207671
2 5 206860 207860
1 5 206955 207955
3 5 207144 208144
2 5 207428 208428
3 5 207617 208617
1 5 207712 208712
0 5 207901 208901
3 5 208185 209185
1 5 208374 209374
3 5 208564 209564
1 5 208658 209658
3 5 208753 209753
2 5 208942 209942
1 5 209132 210132
2 5 209321 210321
3 5 209416 210416
2 5 209510 210510
0 5 209699 210699
3 5 209889 210889
0 5 209983 210983
3 5 210173 211173
1 5 210267 211267
3 5 210457 211457
2 5 210646 211646
3 5 210740 211740
2 5 211024 212024
1 5 211119 212119
3 5 211214 212214
0 5 211309 212309
2 5 211403 212403
3 5 211592 212592
2 5 211687 212687
3 5 211781 212781
2 5 211971 212971
3 5 212160 213160
1 5 212349 213349
2 5 212444 213444
3 5 212539 213539
2 5 212728 213728
1 5 212917 213917
3 5 213012 214012
0 5 213201 214201
2 5 213485 214485
1 5 213674 214674
0 5 213769 214769
1 5 213958 214958
0 5 214242 215242
3 5 214431 215431
2 5 214621 215621
1 5 214715 215715
0 5 214810 215810
1 5 214999 215999
3 5 215188 216188
2 5 215378 216378
1 5 215472 216472
3 5 215567 216567
2 5 215756 216756
1 5 215945 216945
0 5 216135 217135
2 5 216324 217324
3 5 216513 217513
0 5 216703 217703
1 5 216892 217892
0 5 217081 218081
1 5 217270 218270
0 5 217460 218460
3 5 217554 218554
0 5 217649 218649
2 5 217744 218744
3 5 217838 218838
2 5 218027 219027
3 5 218121 219121
1 5 218216 219216
2 5 218311 219311
3 5 218405 219405
2 5 218501 219501
3 5 218595 219595
0 5 218785 219785
3 5 218879 219879
1 5 219002 220002
3 5 219389 220389
1 5 219679 220679
0 5 219776 220776
3 5 219969 220969
0 5 220550 221550
3 5 220739 221739
0 5 220928 221928
3 5 221117 222117
0 5 221307 222307
3 5 221496 222496
1 5 221685 222685
0 5 221874 222874
