Princess of Winter
HyuN
Advanced
89466
0 5 65 1065
2 5 370 1370
1 5 674 1674
0 5 979 1979
3 5 1131 2131
0 5 1284 2284
3 5 1588 2588
1 5 1740 2740
2 5 1893 2893
3 5 2045 3045
0 5 2197 3197
3 5 2350 3350
2 5 2502 3502
1 5 2806 3806
0 5 3111 4111
2 5 3416 4416
1 5 3568 4568
2 5 3720 4720
0 5 4025 5025
1 5 4177 5177
2 5 4329 5329
3 5 4482 5482
1 5 4634 5634
3 5 4786 5786
0 5 4938 5938
2 5 5243 6243
1 5 5548 6548
0 5 5852 6852
2 5 6004 7004
0 5 6157 7157
3 5 6461 7461
1 5 6614 7614
2 5 6766 7766
3 5 6918 7918
0 5 7070 8070
3 5 7223 8223
2 5 7375 8375
1 5 7680 8680
0 5 7984 8984
1 5 8289 9289
2 5 8441 9441
3 5 8593 9593
0 5 8746 9746
3 5 9050 10050
2 5 9126 10126
1 5 9202 10202
0 5 9279 10279
2 5 9355 10355
3 5 9355 10355
2 5 9659 10659
3 5 9964 10964
0 5 9964 10964
2 5 10268 11268
1 5 10421 11421
1 5 10878 11878
0 5 11182 12182
3 5 11182 12182
2 5 11487 12487
2 5 11791 12791
1 5 12400 13400
0 5 12400 13400
2 5 12705 13705
1 5 12857 13857
1 5 13314 14314
2 5 13619 14619
3 5 13619 14619
0 5 14228 15228
0 5 14532 15532
1 5 14837 15837
3 5 14837 15837
0 5 15141 16141
2 5 15294 16294
2 5 15751 16751
0 5 16055 17055
3 5 16055 17055
1 5 16360 17360
2 5 16664 17664
0 5 16817 17817
2 5 16969 17969
0 5 17121 18121
3 5 17273 18273
2 5 17350 18350
1 5 17426 18426
1 5 17730 18730
3 5 17883 18883
0 5 18187 19187
3 5 18492 19492
2 5 18568 19568
1 5 18644 19644
0 5 18720 19720
3 5 18796 19796
1 5 18949 19949
2 5 19025 20025
3 5 19101 20101
0 5 19101 20101
2 5 19405 20405
3 5 19405 20405
0 5 19558 20558
1 5 19558 20558
1 5 19862 20862
3 5 19862 20862
2 5 20167 21167
3 5 20167 21167
1 5 20319 21319
0 5 20319 21319
2 5 20471 21471
1 5 20548 21548
0 5 20624 21624
3 5 20624 21624
2 5 20776 21776
1 5 20776 21776
3 5 21081 22081
2 5 21081 22081
1 5 21233 22233
2 5 21309 22309
3 5 21385 22385
0 5 21385 22385
1 5 21537 22537
2 5 21537 22537
3 5 21842 22842
1 5 21842 22842
0 5 21994 22994
2 5 21994 22994
2 5 22299 23299
3 5 22299 23299
0 5 22603 23603
2 5 22603 23603
3 5 22756 23756
1 5 22756 23756
2 5 22908 23908
1 5 22984 23984
0 5 23060 24060
3 5 23060 24060
2 5 23213 24213
1 5 23213 24213
2 5 23517 24517
3 5 23517 24517
1 5 23669 24669
2 5 23746 24746
3 5 23822 24822
0 5 23822 24822
1 5 23974 24974
2 5 23974 24974
1 5 24279 25279
0 5 24279 25279
2 5 24431 25431
3 5 24431 25431
0 5 24735 25735
3 5 24735 25735
1 5 25040 26040
3 5 25040 26040
2 5 25192 26192
0 5 25192 26192
1 5 25345 26345
2 5 25421 26421
3 5 25497 26497
0 5 25497 26497
1 5 25649 26649
2 5 25649 26649
1 5 25954 26954
0 5 25954 26954
2 5 26106 27106
1 5 26182 27182
0 5 26258 27258
3 5 26258 27258
2 5 26411 27411
1 5 26411 27411
1 5 26715 27715
3 5 26715 27715
0 5 26867 27867
2 5 26867 27867
3 5 27172 28172
0 5 27172 28172
1 5 27477 28477
0 5 27477 28477
2 5 27629 28629
3 5 27629 28629
1 5 27781 28781
2 5 27857 28857
3 5 27933 28933
0 5 27933 28933
1 5 28086 29086
2 5 28086 29086
1 5 28390 29390
0 5 28390 29390
2 5 28543 29543
1 5 28619 29619
0 5 28695 29695
3 5 28695 29695
2 5 28847 29847
1 5 28847 29847
1 5 29152 30152
0 5 29152 30152
3 5 29304 30304
2 5 29304 30304
2 5 29609 30609
0 5 29609 30609
1 5 29913 30913
0 5 29913 30913
2 5 30065 31065
3 5 30065 31065
1 5 30218 31218
2 5 30294 31294
3 5 30370 31370
0 5 30370 31370
1 5 30522 31522
2 5 30522 31522
0 5 30827 31827
1 5 30827 31827
2 5 30979 31979
1 5 31055 32055
0 5 31131 32131
3 5 31131 32131
2 5 31284 32284
1 5 31284 32284
0 5 31588 32588
2 5 31588 32588
3 5 31740 32740
1 5 31740 32740
1 5 32045 33045
0 5 32045 33045
3 5 32350 33350
1 5 32350 33350
0 5 32502 33502
2 5 32502 33502
1 5 32654 33654
2 5 32730 33730
3 5 32806 33806
0 5 32806 33806
1 5 32959 33959
2 5 32959 33959
1 5 33263 34263
0 5 33263 34263
2 5 33416 34416
1 5 33492 34492
0 5 33568 34568
3 5 33568 34568
2 5 33720 34720
1 5 33720 34720
2 5 34025 35025
3 5 34025 35025
1 5 34177 35177
0 5 34177 35177
3 5 34482 35482
0 5 34482 35482
2 5 34786 35786
0 5 34786 35786
1 5 34938 35938
3 5 34938 35938
2 5 35091 36091
1 5 35167 36167
0 5 35243 36243
3 5 35243 36243
2 5 35395 36395
1 5 35395 36395
2 5 35700 36700
3 5 35700 36700
1 5 35852 36852
2 5 35928 36928
3 5 36004 37004
0 5 36004 37004
1 5 36157 37157
2 5 36157 37157
2 5 36461 37461
0 5 36461 37461
3 5 36614 37614
1 5 36614 37614
0 5 36918 37918
3 5 36918 37918
2 5 37223 38223
3 5 37223 38223
1 5 37375 38375
0 5 37375 38375
2 5 37527 38527
1 5 37603 38603
3 5 37680 38680
2 5 37756 38756
0 5 37832 38832
1 5 37908 38908
2 5 37984 38984
3 5 38060 39060
0 5 38136 39136
2 5 38289 39289
1 5 38365 39365
3 5 38441 39441
0 5 38593 39593
1 5 38593 39593
3 5 39812 40812
1 5 39964 40964
3 5 40116 41116
0 5 40268 41268
0 5 40573 41573
2 5 40725 41725
1 5 40878 41878
3 5 41030 42030
0 5 41182 42182
1 5 41334 42334
2 5 41487 42487
2 5 42248 43248
0 5 42400 43400
2 5 42553 43553
1 5 42705 43705
3 5 43010 44010
3 5 43314 44314
2 5 43619 44619
1 5 43771 44771
2 5 43923 44923
0 5 44228 45228
1 5 44304 45304
3 5 44380 45380
2 5 44456 45456
0 5 44532 45532
1 5 44609 45609
2 5 44685 45685
0 5 44837 45837
2 5 44989 45989
1 5 45141 46141
1 5 45446 46446
3 5 45598 46598
2 5 45751 46751
0 5 45903 46903
1 5 46055 47055
2 5 46207 47207
3 5 46360 47360
2 5 47121 48121
0 5 47273 48273
2 5 47426 48426
1 5 47578 48578
3 5 47883 48883
3 5 48187 49187
2 5 48492 49492
0 5 48644 49644
2 5 48796 49796
0 5 49101 50101
1 5 49177 50177
2 5 49253 50253
3 5 49329 50329
1 5 49405 50405
0 5 49482 50482
3 5 49558 50558
2 5 49558 50558
1 5 49710 50710
3 5 49862 50862
2 5 49862 50862
0 5 50015 51015
0 5 50319 51319
2 5 50471 51471
3 5 50471 51471
1 5 50624 51624
0 5 50776 51776
2 5 50928 51928
1 5 51081 52081
0 5 51081 52081
3 5 51233 52233
0 5 51537 52537
3 5 51690 52690
1 5 51690 52690
2 5 51994 52994
0 5 52147 53147
2 5 52299 53299
3 5 52299 53299
1 5 52451 53451
3 5 52756 53756
0 5 52908 53908
2 5 52908 53908
3 5 53060 54060
1 5 53213 54213
2 5 53365 54365
0 5 53517 54517
3 5 53517 54517
1 5 53669 54669
3 5 53974 54974
2 5 54050 55050
0 5 54126 55126
1 5 54202 55202
2 5 54279 55279
3 5 54355 55355
0 5 54431 55431
2 5 54583 55583
0 5 54735 55735
1 5 54735 55735
3 5 54888 55888
3 5 55192 56192
1 5 55345 56345
0 5 55345 56345
2 5 55497 56497
1 5 55649 56649
3 5 55801 56801
2 5 55954 56954
0 5 55954 56954
1 5 56106 57106
3 5 56411 57411
0 5 56563 57563
1 5 56563 57563
2 5 56867 57867
0 5 57020 58020
2 5 57172 58172
3 5 57172 58172
1 5 57324 58324
3 5 57629 58629
0 5 57781 58781
2 5 57781 58781
3 5 57933 58933
1 5 58086 59086
2 5 58238 59238
0 5 58390 59390
1 5 58390 59390
3 5 58543 59543
1 5 58695 59695
0 5 58771 59771
2 5 58847 59847
3 5 58923 59923
0 5 58999 59999
1 5 59076 60076
2 5 59152 60152
3 5 59228 60228
1 5 59304 60304
0 5 59304 60304
2 5 60218 61218
1 5 60370 61370
3 5 60522 61522
1 5 60979 61979
2 5 61436 62436
0 5 61740 62740
3 5 62197 63197
0 5 62654 63654
2 5 62959 63959
0 5 63568 64568
1 5 63872 64872
3 5 64177 65177
1 5 65091 66091
2 5 65243 66243
0 5 65395 66395
3 5 65852 66852
1 5 66309 67309
2 5 66614 67614
0 5 67070 68070
1 5 67527 68527
2 5 67832 68832
0 5 68441 69441
3 5 68746 69746
1 5 69050 70050
3 5 69964 70964
2 5 70116 71116
1 5 70268 71268
3 5 70725 71725
0 5 71182 72182
2 5 71487 72487
0 5 71944 72944
1 5 72400 73400
3 5 72553 73553
0 5 73314 74314
1 5 73619 74619
2 5 73923 74923
0 5 74837 75837
1 5 74989 75989
2 5 75141 76141
0 5 75598 76598
3 5 76055 77055
1 5 76360 77360
0 5 76817 77817
2 5 77273 78273
1 5 77426 78426
3 5 78187 79187
0 5 78492 79492
3 5 78796 79796
2 5 78796 79796
1 5 78949 79949
3 5 79101 80101
2 5 79101 80101
0 5 79253 80253
0 5 79558 80558
2 5 79710 80710
3 5 79710 80710
1 5 79862 80862
0 5 80015 81015
2 5 80167 81167
1 5 80319 81319
0 5 80319 81319
3 5 80471 81471
0 5 80776 81776
3 5 80928 81928
1 5 80928 81928
2 5 81233 82233
0 5 81385 82385
2 5 81537 82537
3 5 81537 82537
1 5 81690 82690
3 5 81994 82994
0 5 82147 83147
2 5 82147 83147
3 5 82299 83299
1 5 82451 83451
2 5 82603 83603
0 5 82756 83756
3 5 82756 83756
1 5 82908 83908
3 5 83213 84213
2 5 83289 84289
0 5 83365 84365
1 5 83441 84441
2 5 83517 84517
3 5 83593 84593
0 5 83669 84669
2 5 83822 84822
0 5 83974 84974
1 5 83974 84974
3 5 84126 85126
3 5 84431 85431
1 5 84583 85583
0 5 84583 85583
2 5 84735 85735
1 5 84888 85888
3 5 85040 86040
2 5 85192 86192
0 5 85192 86192
1 5 85345 86345
3 5 85649 86649
0 5 85801 86801
1 5 85801 86801
2 5 86106 87106
0 5 86258 87258
2 5 86411 87411
0 5 86563 87563
3 5 86715 87715
2 5 86791 87791
1 5 86867 87867
1 5 87172 88172
3 5 87324 88324
0 5 87629 88629
2 5 87933 88933
1 5 88086 89086
2 5 88162 89162
3 5 88238 89238
0 5 88390 89390
1 5 88466 89466
3 5 88543 89543
2 5 88543 89543
0 5 88847 89847
3 5 88847 89847
2 5 88999 89999
1 5 88999 89999
2 5 89304 90304
3 5 89304 90304
1 5 89609 90609
3 5 89609 90609
2 5 89761 90761
0 5 89761 90761
3 5 89913 90913
2 5 89989 90989
1 5 90065 91065
0 5 90065 91065
2 5 90218 91218
3 5 90218 91218
0 5 90522 91522
3 5 90522 91522
1 5 90674 91674
2 5 90751 91751
3 5 90827 91827
0 5 90827 91827
2 5 90979 91979
3 5 90979 91979
2 5 91284 92284
0 5 91284 92284
1 5 91436 92436
3 5 91436 92436
1 5 91740 92740
0 5 91740 92740
2 5 92045 93045
0 5 92045 93045
1 5 92197 93197
3 5 92197 93197
0 5 92350 93350
1 5 92426 93426
2 5 92502 93502
3 5 92502 93502
0 5 92654 93654
1 5 92730 93730
3 5 92806 93806
2 5 92883 93883
1 5 92959 93959
0 5 93035 94035
2 5 93111 94111
3 5 93187 94187
0 5 93263 94263
1 5 93339 94339
2 5 93416 94416
3 5 93416 94416
1 5 93720 94720
3 5 93720 94720
2 5 93872 94872
0 5 93872 94872
1 5 94177 95177
0 5 94177 95177
2 5 94482 95482
0 5 94482 95482
3 5 94634 95634
1 5 94634 95634
0 5 94786 95786
1 5 94862 95862
2 5 94938 95938
3 5 94938 95938
1 5 95091 96091
0 5 95091 96091
3 5 95395 96395
0 5 95395 96395
1 5 95548 96548
2 5 95624 96624
3 5 95700 96700
0 5 95700 96700
1 5 95852 96852
0 5 95852 96852
1 5 96157 97157
3 5 96157 97157
2 5 96309 97309
0 5 96309 97309
3 5 96614 97614
2 5 96614 97614
1 5 96918 97918
3 5 96918 97918
2 5 97070 98070
0 5 97070 98070
3 5 97223 98223
2 5 97299 98299
1 5 97375 98375
0 5 97375 98375
2 5 97527 98527
3 5 97527 98527
0 5 97680 98680
1 5 97832 98832
3 5 97832 98832
0 5 97984 98984
1 5 98060 99060
2 5 98136 99136
3 5 98136 99136
1 5 98289 99289
0 5 98289 99289
3 5 98593 99593
0 5 98593 99593
1 5 98746 99746
2 5 98746 99746
1 5 99050 100050
0 5 99050 100050
2 5 99355 100355
0 5 99355 100355
1 5 99507 100507
3 5 99507 100507
0 5 99659 100659
1 5 99735 100735
2 5 99812 100812
3 5 99812 100812
1 5 99964 100964
0 5 99964 100964
3 5 100268 101268
0 5 100268 101268
2 5 100421 101421
1 5 100497 101497
0 5 100573 101573
3 5 100573 101573
1 5 100725 101725
0 5 100725 101725
2 5 100878 101878
1 5 100954 101954
3 5 101030 102030
0 5 101030 102030
2 5 101182 102182
1 5 101182 102182
2 5 101487 102487
3 5 101487 102487
1 5 101639 102639
2 5 101715 102715
0 5 101791 102791
2 5 101944 102944
1 5 102020 103020
3 5 102096 103096
1 5 102248 103248
2 5 102324 103324
0 5 102400 103400
1 5 102553 103553
3 5 102553 103553
2 5 102781 103781
0 5 102781 103781
1 5 103010 104010
3 5 103010 104010
0 5 103162 104162
3 5 103162 104162
2 5 103466 104466
0 5 103466 104466
1 5 103619 104619
3 5 103619 104619
2 5 103923 104923
3 5 103923 104923
1 5 104228 105228
3 5 104228 105228
0 5 104380 105380
2 5 104380 105380
3 5 104532 105532
2 5 104609 105609
1 5 104685 105685
0 5 104685 105685
2 5 104837 105837
3 5 104837 105837
0 5 105141 106141
3 5 105141 106141
2 5 105294 106294
1 5 105370 106370
0 5 105446 106446
3 5 105446 106446
2 5 105598 106598
3 5 105598 106598
2 5 105903 106903
0 5 105903 106903
1 5 106055 107055
3 5 106055 107055
2 5 106207 107207
0 5 106360 107360
1 5 106360 107360
2 5 106664 107664
0 5 106664 107664
3 5 106817 107817
2 5 106893 107893
1 5 106969 107969
0 5 107045 108045
3 5 107121 108121
2 5 107197 108197
0 5 107273 108273
1 5 107350 108350
2 5 107426 108426
3 5 107502 108502
0 5 107578 108578
1 5 107654 108654
2 5 107730 108730
3 5 107806 108806
0 5 107883 108883
1 5 107959 108959
2 5 108035 109035
3 5 108035 109035
2 5 108339 109339
3 5 108339 109339
0 5 108492 109492
1 5 108492 109492
1 5 108796 109796
3 5 108796 109796
2 5 109101 110101
3 5 109101 110101
1 5 109253 110253
0 5 109253 110253
2 5 109405 110405
1 5 109482 110482
0 5 109558 110558
3 5 109558 110558
2 5 109710 110710
1 5 109710 110710
3 5 110015 111015
2 5 110015 111015
1 5 110167 111167
2 5 110243 111243
3 5 110319 111319
0 5 110319 111319
1 5 110471 111471
2 5 110471 111471
3 5 110776 111776
1 5 110776 111776
0 5 110928 111928
2 5 110928 111928
2 5 111233 112233
3 5 111233 112233
0 5 111537 112537
2 5 111537 112537
3 5 111690 112690
1 5 111690 112690
0 5 111842 112842
1 5 111918 112918
3 5 111994 112994
2 5 111994 112994
0 5 112147 113147
1 5 112223 113223
3 5 112299 113299
2 5 112375 113375
1 5 112451 113451
0 5 112527 113527
2 5 112603 113603
3 5 112680 113680
0 5 112756 113756
1 5 112908 113908
2 5 112908 113908
1 5 113213 114213
0 5 113213 114213
2 5 113365 114365
3 5 113365 114365
0 5 113669 114669
3 5 113669 114669
1 5 113974 114974
3 5 113974 114974
2 5 114126 115126
0 5 114126 115126
1 5 114279 115279
2 5 114355 115355
3 5 114431 115431
0 5 114431 115431
1 5 114583 115583
2 5 114583 115583
1 5 114888 115888
0 5 114888 115888
2 5 115040 116040
1 5 115116 116116
0 5 115192 116192
3 5 115192 116192
2 5 115345 116345
1 5 115345 116345
1 5 115649 116649
3 5 115649 116649
0 5 115801 116801
2 5 115801 116801
3 5 116106 117106
0 5 116106 117106
1 5 116411 117411
0 5 116411 117411
2 5 116563 117563
3 5 116563 117563
1 5 116715 117715
2 5 116791 117791
3 5 116867 117867
0 5 116867 117867
1 5 117020 118020
2 5 117020 118020
3 5 117172 118172
1 5 117324 118324
0 5 117324 118324
2 5 117477 118477
1 5 117553 118553
0 5 117629 118629
3 5 117629 118629
2 5 117781 118781
1 5 117781 118781
1 5 118086 119086
0 5 118086 119086
3 5 118238 119238
2 5 118238 119238
2 5 118543 119543
0 5 118543 119543
1 5 118847 119847
0 5 118847 119847
2 5 118999 119999
3 5 118999 119999
1 5 119152 120152
2 5 119228 120228
3 5 119304 120304
0 5 119304 120304
1 5 119456 120456
2 5 119456 120456
0 5 119761 120761
1 5 119761 120761
2 5 119913 120913
1 5 119989 120989
0 5 120065 121065
3 5 120065 121065
2 5 120218 121218
1 5 120218 121218
0 5 120522 121522
2 5 120522 121522
3 5 120674 121674
1 5 120674 121674
1 5 120979 121979
0 5 120979 121979
3 5 121284 122284
1 5 121284 122284
0 5 121436 122436
2 5 121436 122436
3 5 121588 122588
2 5 121664 122664
0 5 121740 122740
1 5 121740 122740
2 5 121893 122893
3 5 121969 122969
1 5 122045 123045
0 5 122121 123121
3 5 122197 123197
2 5 122273 123273
0 5 122350 123350
1 5 122426 123426
3 5 122502 123502
2 5 122654 123654
0 5 122654 123654
2 5 122959 123959
3 5 122959 123959
1 5 123111 124111
0 5 123111 124111
3 5 123416 124416
0 5 123416 124416
2 5 123720 124720
0 5 123720 124720
1 5 123872 124872
3 5 123872 124872
2 5 124025 125025
1 5 124101 125101
0 5 124177 125177
3 5 124177 125177
2 5 124329 125329
1 5 124329 125329
2 5 124634 125634
3 5 124634 125634
1 5 124786 125786
2 5 124862 125862
3 5 124938 125938
0 5 124938 125938
1 5 125091 126091
2 5 125091 126091
2 5 125395 126395
0 5 125395 126395
3 5 125548 126548
1 5 125548 126548
0 5 125852 126852
3 5 125852 126852
2 5 126157 127157
3 5 126157 127157
1 5 126309 127309
0 5 126309 127309
2 5 126461 127461
1 5 126537 127537
3 5 126614 127614
2 5 126690 127690
0 5 126766 127766
1 5 126842 127842
2 5 126918 127918
3 5 126994 127994
0 5 127070 128070
2 5 127223 128223
1 5 127299 128299
3 5 127375 128375
0 5 127527 128527
3 5 127680 128680
2 5 127832 128832
1 5 127984 128984
3 5 128289 129289
0 5 128593 129593
1 5 128898 129898
3 5 129050 130050
1 5 129202 130202
0 5 129507 130507
1 5 129659 130659
2 5 129812 130812
3 5 129964 130964
0 5 130116 131116
3 5 130268 131268
1 5 130421 131421
2 5 130725 131725
0 5 131030 132030
1 5 131334 132334
3 5 131487 132487
1 5 131639 132639
0 5 131944 132944
1 5 132096 133096
2 5 132248 133248
3 5 132400 133400
3 5 132705 133705
1 5 132857 133857
2 5 133162 134162
0 5 133466 134466
1 5 133771 134771
2 5 134076 135076
0 5 134380 135380
1 5 134532 135532
2 5 134685 135685
3 5 134837 135837
1 5 135446 136446
2 5 136055 137055
0 5 136664 137664
2 5 137273 138273
3 5 137273 138273
