Princess of Winter
HyuN
Beginner
89466
2 5 674 1674
1 5 2045 3045
3 5 3111 4111
2 5 4482 5482
0 5 5548 6548
3 5 6918 7918
1 5 7984 8984
0 5 9355 10355
3 5 10573 11573
1 5 11791 12791
2 5 13010 14010
1 5 14228 15228
3 5 15446 16446
0 5 16664 17664
2 5 17883 18883
0 5 19101 20101
1 5 20319 21319
2 5 21537 22537
3 5 22756 23756
1 5 23974 24974
3 5 25192 26192
0 5 26411 27411
2 5 27629 28629
1 5 28238 29238
3 5 28847 29847
2 5 30065 31065
1 5 31283 32283
0 5 32502 33502
2 5 33720 34720
0 5 34938 35938
3 5 36157 37157
1 5 37375 38375
2 5 37984 38984
3 5 38593 39593
0 5 39812 40812
3 5 41030 42030
1 5 42248 43248
2 5 43466 44466
0 5 44685 45685
3 5 45903 46903
1 5 47121 48121
2 5 48339 49339
0 5 49558 50558
2 5 50776 51776
1 5 51994 52994
0 5 53213 54213
3 5 54431 55431
1 5 55649 56649
2 5 56867 57867
3 5 58086 59086
1 5 59304 60304
2 5 60522 61522
1 5 61740 62740
0 5 62959 63959
2 5 64177 65177
1 5 65395 66395
2 5 66614 67614
3 5 67832 68832
0 5 69050 70050
3 5 70268 71268
2 5 71487 72487
1 5 72705 73705
3 5 73923 74923
0 5 75141 76141
1 5 76360 77360
2 5 77578 78578
3 5 78796 79796
1 5 80015 81015
2 5 81233 82233
3 5 82452 83452
0 5 83670 84670
2 5 84888 85888
1 5 86106 87106
0 5 87325 88325
2 5 88543 89543
1 5 89761 90761
3 5 90979 91979
0 5 92197 93197
1 5 93416 94416
2 5 94634 95634
3 5 95852 96852
1 5 97070 98070
2 5 97680 98680
0 5 98289 99289
2 5 99507 100507
1 5 100725 101725
3 5 101944 102944
2 5 102553 103553
1 5 103162 104162
3 5 104380 105380
0 5 105598 106598
2 5 106207 107207
1 5 106817 107817
3 5 107426 108426
0 5 108035 109035
3 5 109253 110253
1 5 110471 111471
2 5 111690 112690
3 5 112908 113908
2 5 114126 115126
1 5 115345 116345
0 5 116563 117563
3 5 117172 118172
1 5 117781 118781
0 5 118999 119999
3 5 120218 121218
1 5 121436 122436
2 5 122654 123654
3 5 123872 124872
0 5 125091 126091
2 5 126309 127309
1 5 126918 127918
3 5 127527 128527
1 5 128746 129746
2 5 129964 130964
0 5 131182 132182
2 5 132400 133400
1 5 133619 134619
0 5 134837 135837
2 5 136055 137055
1 5 137273 138273
