Princess of Winter
HyuN
Easy
89466
1 5 65 1065
2 5 674 1674
3 5 1284 2284
0 5 2045 3045
2 5 2502 3502
1 5 3111 4111
0 5 3720 4720
3 5 4482 5482
1 5 4938 5938
2 5 5548 6548
0 5 6157 7157
3 5 6918 7918
0 5 7375 8375
2 5 7984 8984
3 5 8746 9746
0 5 9355 10355
3 5 9964 10964
1 5 10878 11878
3 5 11182 12182
0 5 11791 12791
2 5 12400 13400
1 5 13314 14314
3 5 13619 14619
2 5 14228 15228
0 5 14837 15837
3 5 15751 16751
1 5 16055 17055
0 5 16664 17664
3 5 16969 17969
1 5 17273 18273
2 5 17883 18883
0 5 18492 19492
3 5 19101 20101
2 5 19101 20101
1 5 19710 20710
2 5 20319 21319
0 5 20928 21928
1 5 21537 22537
2 5 22147 23147
3 5 22756 23756
1 5 23365 24365
2 5 23669 24669
0 5 23974 24974
1 5 23974 24974
2 5 24583 25583
1 5 25192 26192
3 5 25801 26801
2 5 26411 27411
1 5 27020 28020
0 5 27629 28629
2 5 28238 29238
1 5 28543 29543
3 5 28847 29847
2 5 28847 29847
1 5 29456 30456
2 5 30065 31065
0 5 30674 31674
1 5 31283 32283
2 5 31893 32893
3 5 32502 33502
1 5 33111 34111
2 5 33416 34416
0 5 33720 34720
1 5 33720 34720
2 5 34329 35329
1 5 34938 35938
3 5 35547 36547
2 5 36157 37157
1 5 36766 37766
0 5 37375 38375
3 5 37984 38984
2 5 38593 39593
0 5 39812 40812
2 5 40268 41268
3 5 41030 42030
1 5 41487 42487
0 5 42248 43248
2 5 42705 43705
3 5 43466 44466
1 5 43923 44923
0 5 44685 45685
3 5 45141 46141
2 5 45903 46903
1 5 46360 47360
0 5 47121 48121
3 5 47578 48578
2 5 48339 49339
1 5 48796 49796
3 5 49558 50558
0 5 49862 50862
2 5 50471 51471
0 5 50776 51776
3 5 51081 52081
1 5 51690 52690
3 5 51994 52994
0 5 52299 53299
2 5 52908 53908
0 5 53213 54213
3 5 53517 54517
2 5 54126 55126
1 5 54431 55431
3 5 54735 55735
0 5 55345 56345
2 5 55649 56649
1 5 55954 56954
3 5 56563 57563
1 5 56867 57867
2 5 57172 58172
0 5 57781 58781
2 5 58086 59086
1 5 58390 59390
3 5 58695 59695
0 5 59304 60304
1 5 59304 60304
3 5 60522 61522
1 5 61740 62740
2 5 62959 63959
3 5 64177 65177
1 5 65395 66395
0 5 66614 67614
2 5 67832 68832
3 5 69050 70050
1 5 70268 71268
2 5 71487 72487
0 5 72705 73705
2 5 73923 74923
1 5 75141 76141
3 5 76360 77360
0 5 77578 78578
3 5 78796 79796
0 5 79100 80100
2 5 79709 80709
0 5 80014 81014
3 5 80319 81319
1 5 80928 81928
3 5 81232 82232
0 5 81537 82537
2 5 82146 83146
0 5 82451 83451
3 5 82755 83755
2 5 83364 84364
1 5 83669 84669
3 5 83973 84973
0 5 84583 85583
2 5 84887 85887
1 5 85192 86192
3 5 85801 86801
0 5 86106 87106
3 5 86411 87411
1 5 86715 87715
2 5 87325 88325
0 5 87934 88934
3 5 88543 89543
2 5 88543 89543
1 5 89152 90152
2 5 89761 90761
0 5 90370 91370
1 5 90979 91979
2 5 91589 92589
3 5 92198 93198
1 5 92807 93807
2 5 93111 94111
0 5 93416 94416
1 5 93416 94416
2 5 94025 95025
1 5 94634 95634
3 5 95243 96243
2 5 95853 96853
1 5 96462 97462
0 5 97071 98071
2 5 97680 98680
1 5 97984 98984
3 5 98289 99289
2 5 98289 99289
1 5 98898 99898
2 5 99507 100507
0 5 100116 101116
1 5 100725 101725
2 5 101335 102335
3 5 101944 102944
1 5 102553 103553
0 5 103162 104162
3 5 103162 104162
2 5 103771 104771
1 5 104380 105380
3 5 104989 105989
2 5 105599 106599
1 5 106208 107208
0 5 106817 107817
3 5 107426 108426
0 5 108035 109035
1 5 108035 109035
2 5 108644 109644
1 5 109253 110253
3 5 109862 110862
2 5 110471 111471
1 5 111081 112081
0 5 111690 112690
2 5 112299 113299
1 5 112603 113603
3 5 112908 113908
2 5 112908 113908
1 5 113517 114517
2 5 114126 115126
0 5 114735 115735
1 5 115345 116345
2 5 115954 116954
3 5 116563 117563
1 5 117172 118172
2 5 117477 118477
0 5 117781 118781
3 5 117781 118781
2 5 118390 119390
1 5 118999 119999
3 5 119608 120608
2 5 120217 121217
1 5 120827 121827
0 5 121436 122436
2 5 122045 123045
1 5 122350 123350
3 5 122654 123654
0 5 122654 123654
1 5 123263 124263
2 5 123872 124872
0 5 124481 125481
1 5 125091 126091
2 5 125700 126700
3 5 126309 127309
0 5 126918 127918
1 5 127527 128527
3 5 127984 128984
2 5 128593 129593
1 5 129202 130202
0 5 129964 130964
2 5 130421 131421
1 5 131030 132030
0 5 131639 132639
3 5 132401 133401
1 5 133010 134010
2 5 133619 134619
0 5 134228 135228
3 5 134837 135837
0 5 136055 137055
3 5 137273 138273
