Princess of Winter
HyuN
Hard
89466
0 5 65 1065
2 5 370 1370
1 5 674 1674
0 5 979 1979
1 5 1055 2055
2 5 1131 2131
0 5 1284 2284
3 5 1588 2588
2 5 1664 2664
1 5 1740 2740
3 5 1893 2893
0 5 2045 3045
2 5 2197 3197
0 5 2350 3350
3 5 2502 3502
1 5 2806 3806
2 5 3111 4111
3 5 3416 4416
2 5 3492 4492
1 5 3568 4568
3 5 3720 4720
0 5 4025 5025
1 5 4101 5101
2 5 4177 5177
0 5 4329 5329
3 5 4482 5482
1 5 4634 5634
3 5 4786 5786
0 5 4938 5938
2 5 5243 6243
1 5 5547 6547
0 5 5852 6852
1 5 5928 6928
2 5 6004 7004
0 5 6157 7157
3 5 6461 7461
2 5 6537 7537
1 5 6613 7613
3 5 6766 7766
0 5 6918 7918
2 5 7070 8070
0 5 7223 8223
3 5 7375 8375
1 5 7679 8679
2 5 7984 8984
3 5 8289 9289
2 5 8365 9365
1 5 8441 9441
3 5 8593 9593
0 5 8746 9746
3 5 9050 10050
2 5 9126 10126
1 5 9202 10202
0 5 9279 10279
2 5 9355 10355
3 5 9355 10355
2 5 9659 10659
1 5 9812 10812
3 5 9964 10964
0 5 9964 10964
2 5 10116 11116
0 5 10268 11268
1 5 10421 11421
2 5 10725 11725
1 5 10801 11801
0 5 10878 11878
3 5 11030 12030
2 5 11182 12182
0 5 11182 12182
1 5 11334 12334
2 5 11411 12411
3 5 11487 12487
0 5 11639 12639
2 5 11791 12791
3 5 11791 12791
3 5 12096 13096
2 5 12248 13248
0 5 12400 13400
1 5 12400 13400
3 5 12553 13553
1 5 12705 13705
2 5 12857 13857
3 5 13162 14162
2 5 13238 14238
1 5 13314 14314
3 5 13466 14466
2 5 13619 14619
0 5 13619 14619
1 5 13771 14771
2 5 13847 14847
3 5 13923 14923
1 5 14076 15076
0 5 14228 15228
3 5 14228 15228
2 5 14532 15532
0 5 14685 15685
3 5 14837 15837
1 5 14837 15837
2 5 14989 15989
0 5 15141 16141
3 5 15294 16294
1 5 15598 16598
2 5 15674 16674
3 5 15751 16751
0 5 15903 16903
1 5 16055 17055
3 5 16055 17055
2 5 16207 17207
1 5 16284 17284
0 5 16360 17360
3 5 16512 17512
1 5 16664 17664
0 5 16664 17664
2 5 16969 17969
3 5 16969 17969
0 5 17273 18273
1 5 17350 18350
2 5 17426 18426
2 5 17730 18730
0 5 17883 18883
1 5 17959 18959
3 5 18035 19035
2 5 18111 19111
0 5 18187 19187
1 5 18263 19263
3 5 18339 19339
2 5 18416 19416
1 5 18492 19492
0 5 18492 19492
3 5 18796 19796
1 5 18949 19949
2 5 19025 20025
3 5 19101 20101
0 5 19101 20101
2 5 19253 20253
1 5 19329 20329
0 5 19405 20405
3 5 19482 20482
1 5 19558 20558
2 5 19634 20634
3 5 19710 20710
3 5 19862 20862
1 5 19938 20938
1 5 20091 21091
2 5 20167 21167
0 5 20319 21319
3 5 20471 21471
2 5 20548 21548
0 5 20624 21624
1 5 20700 21700
2 5 20776 21776
3 5 20852 21852
0 5 20928 21928
2 5 21081 22081
3 5 21157 22157
1 5 21233 22233
0 5 21309 22309
2 5 21385 22385
1 5 21461 22461
3 5 21537 22537
0 5 21690 22690
1 5 21766 22766
2 5 21842 22842
0 5 21994 22994
3 5 22147 23147
1 5 22299 23299
2 5 22375 23375
0 5 22451 23451
3 5 22603 23603
2 5 22680 23680
1 5 22756 23756
0 5 22908 23908
1 5 22984 23984
2 5 23060 24060
3 5 23213 24213
2 5 23289 24289
1 5 23365 24365
0 5 23441 24441
2 5 23517 24517
3 5 23593 24593
0 5 23669 24669
1 5 23746 24746
2 5 23822 24822
0 5 23974 24974
3 5 23974 24974
2 5 24126 25126
0 5 24202 25202
1 5 24279 25279
3 5 24355 25355
2 5 24431 25431
1 5 24507 25507
0 5 24583 25583
0 5 24735 25735
2 5 24812 25812
2 5 24964 25964
1 5 25040 26040
3 5 25192 26192
0 5 25345 26345
1 5 25421 26421
2 5 25497 26497
0 5 25573 26573
3 5 25649 26649
2 5 25725 26725
1 5 25801 26801
0 5 25954 26954
3 5 26030 27030
2 5 26106 27106
1 5 26182 27182
3 5 26258 27258
0 5 26334 27334
1 5 26411 27411
3 5 26563 27563
1 5 26639 27639
2 5 26715 27715
0 5 26867 27867
3 5 27020 28020
1 5 27172 28172
2 5 27248 28248
0 5 27324 28324
3 5 27477 28477
2 5 27553 28553
1 5 27629 28629
0 5 27781 28781
1 5 27857 28857
2 5 27933 28933
0 5 28086 29086
3 5 28238 29238
1 5 28314 29314
2 5 28390 29390
0 5 28466 29466
1 5 28543 29543
2 5 28619 29619
3 5 28695 29695
1 5 28847 29847
0 5 28847 29847
2 5 28999 29999
1 5 29075 30075
0 5 29151 30151
3 5 29228 30228
1 5 29304 30304
2 5 29380 30380
3 5 29456 30456
3 5 29608 30608
1 5 29684 30684
1 5 29837 30837
2 5 29913 30913
0 5 30065 31065
3 5 30217 31217
2 5 30294 31294
0 5 30370 31370
1 5 30446 31446
2 5 30522 31522
3 5 30598 31598
0 5 30674 31674
2 5 30827 31827
3 5 30903 31903
1 5 30979 31979
0 5 31055 32055
2 5 31131 32131
1 5 31207 32207
3 5 31283 32283
0 5 31436 32436
1 5 31512 32512
2 5 31588 32588
0 5 31740 32740
3 5 31893 32893
1 5 32045 33045
2 5 32121 33121
0 5 32197 33197
3 5 32349 33349
2 5 32426 33426
1 5 32502 33502
0 5 32654 33654
1 5 32730 33730
2 5 32806 33806
3 5 32959 33959
2 5 33035 34035
1 5 33111 34111
0 5 33187 34187
2 5 33263 34263
3 5 33339 34339
0 5 33415 34415
1 5 33492 34492
2 5 33568 34568
0 5 33720 34720
3 5 33720 34720
2 5 33872 34872
0 5 33948 34948
1 5 34025 35025
3 5 34101 35101
2 5 34177 35177
1 5 34253 35253
0 5 34329 35329
0 5 34481 35481
2 5 34558 35558
2 5 34710 35710
1 5 34786 35786
3 5 34938 35938
0 5 35091 36091
1 5 35167 36167
2 5 35243 36243
0 5 35319 36319
3 5 35395 36395
2 5 35471 36471
1 5 35547 36547
0 5 35700 36700
3 5 35776 36776
2 5 35852 36852
1 5 35928 36928
3 5 36004 37004
0 5 36080 37080
1 5 36157 37157
3 5 36309 37309
1 5 36385 37385
2 5 36461 37461
0 5 36613 37613
3 5 36766 37766
1 5 36918 37918
2 5 36994 37994
0 5 37070 38070
3 5 37223 38223
2 5 37299 38299
1 5 37375 38375
0 5 37527 38527
1 5 37603 38603
2 5 37679 38679
3 5 37756 38756
1 5 37832 38832
0 5 37908 38908
3 5 37984 38984
2 5 38060 39060
1 5 38136 39136
3 5 38289 39289
2 5 38365 39365
1 5 38441 39441
3 5 38593 39593
2 5 38593 39593
0 5 39812 40812
2 5 40268 41268
3 5 40573 41573
2 5 40725 41725
1 5 40878 41878
0 5 41030 42030
2 5 41182 42182
1 5 41334 42334
3 5 41487 42487
0 5 41639 42639
2 5 41791 42791
1 5 41867 42867
0 5 41944 42944
3 5 42096 43096
1 5 42248 43248
2 5 42400 43400
1 5 42553 43553
0 5 42705 43705
3 5 43010 44010
3 5 43314 44314
0 5 43466 44466
2 5 43619 44619
1 5 43771 44771
2 5 43923 44923
0 5 44076 45076
2 5 44228 45228
1 5 44304 45304
3 5 44380 45380
0 5 44456 45456
1 5 44532 45532
2 5 44609 45609
3 5 44685 45685
1 5 44837 45837
3 5 44989 45989
0 5 45141 46141
0 5 45446 46446
2 5 45598 46598
1 5 45751 46751
0 5 45903 46903
2 5 46055 47055
1 5 46207 47207
3 5 46360 47360
0 5 46512 47512
2 5 46664 47664
1 5 46740 47740
0 5 46817 47817
3 5 46969 47969
1 5 47121 48121
2 5 47273 48273
1 5 47426 48426
0 5 47578 48578
3 5 47883 48883
3 5 48187 49187
0 5 48339 49339
2 5 48492 49492
1 5 48644 49644
2 5 48796 49796
0 5 48949 49949
3 5 49101 50101
1 5 49177 50177
2 5 49253 50253
0 5 49329 50329
1 5 49405 50405
2 5 49482 50482
3 5 49558 50558
0 5 49558 50558
0 5 49710 50710
3 5 49862 50862
0 5 50015 51015
1 5 50091 51091
3 5 50167 51167
2 5 50243 51243
1 5 50319 51319
3 5 50471 51471
0 5 50624 51624
1 5 50700 51700
2 5 50776 51776
2 5 50928 51928
0 5 51081 52081
3 5 51233 52233
1 5 51309 52309
2 5 51385 52385
3 5 51461 52461
0 5 51537 52537
2 5 51690 52690
3 5 51842 52842
2 5 51918 52918
1 5 51994 52994
3 5 52147 53147
0 5 52299 53299
2 5 52451 53451
1 5 52527 53527
0 5 52603 53603
2 5 52680 53680
3 5 52756 53756
0 5 52908 53908
2 5 53060 54060
1 5 53136 54136
3 5 53213 54213
3 5 53365 54365
0 5 53517 54517
2 5 53669 54669
1 5 53746 54746
0 5 53822 54822
3 5 53974 54974
1 5 54050 55050
2 5 54126 55126
0 5 54202 55202
3 5 54279 55279
2 5 54355 55355
1 5 54431 55431
3 5 54583 55583
0 5 54735 55735
3 5 54888 55888
2 5 54964 55964
0 5 55040 56040
1 5 55116 56116
2 5 55192 56192
0 5 55344 56344
3 5 55497 56497
2 5 55573 56573
1 5 55649 56649
1 5 55801 56801
3 5 55954 56954
0 5 56106 57106
2 5 56182 57182
1 5 56258 57258
0 5 56334 57334
3 5 56410 57410
1 5 56563 57563
0 5 56715 57715
1 5 56791 57791
2 5 56867 57867
0 5 57020 58020
3 5 57172 58172
1 5 57324 58324
2 5 57400 58400
3 5 57476 58476
1 5 57553 58553
0 5 57629 58629
3 5 57781 58781
1 5 57933 58933
2 5 58009 59009
3 5 58086 59086
3 5 58238 59238
0 5 58390 59390
2 5 58542 59542
1 5 58619 59619
0 5 58695 59695
3 5 58847 59847
1 5 58923 59923
2 5 58999 59999
0 5 59075 60075
3 5 59152 60152
2 5 59228 60228
0 5 59304 60304
1 5 59304 60304
3 5 60218 61218
2 5 60370 61370
0 5 60522 61522
3 5 60979 61979
1 5 61436 62436
2 5 61740 62740
0 5 62197 63197
2 5 62654 63654
3 5 62959 63959
0 5 63568 64568
1 5 63872 64872
2 5 64177 65177
0 5 65091 66091
1 5 65243 66243
3 5 65395 66395
1 5 65852 66852
2 5 66309 67309
0 5 66614 67614
3 5 67070 68070
0 5 67527 68527
2 5 67832 68832
0 5 68441 69441
1 5 68746 69746
2 5 69050 70050
3 5 69050 70050
0 5 69355 70355
2 5 69507 70507
1 5 69659 70659
3 5 69659 70659
0 5 69964 70964
1 5 70116 71116
2 5 70268 71268
0 5 70573 71573
3 5 70725 71725
2 5 70878 71878
1 5 70878 71878
0 5 71182 72182
2 5 71487 72487
0 5 71791 72791
1 5 71944 72944
2 5 72096 73096
3 5 72096 73096
0 5 72400 73400
2 5 72553 73553
1 5 72705 73705
3 5 73010 74010
2 5 73314 74314
0 5 73314 74314
1 5 73619 74619
2 5 73923 74923
0 5 74228 75228
3 5 74532 75532
2 5 74532 75532
1 5 74837 75837
2 5 74989 75989
0 5 75141 76141
3 5 75446 76446
1 5 75598 76598
0 5 75751 76751
2 5 75751 76751
3 5 76055 77055
1 5 76360 77360
0 5 76664 77664
2 5 76817 77817
1 5 76969 77969
3 5 76969 77969
0 5 77273 78273
2 5 77426 78426
1 5 77578 78578
3 5 77883 78883
2 5 78187 79187
0 5 78187 79187
3 5 78492 79492
2 5 78568 79568
1 5 78644 79644
0 5 78720 79720
2 5 78796 79796
3 5 78796 79796
0 5 78949 79949
3 5 79101 80101
0 5 79254 80254
1 5 79330 80330
3 5 79406 80406
2 5 79482 80482
1 5 79558 80558
3 5 79710 80710
0 5 79863 80863
1 5 79939 80939
2 5 80015 81015
2 5 80167 81167
0 5 80320 81320
3 5 80472 81472
1 5 80548 81548
2 5 80624 81624
3 5 80700 81700
0 5 80776 81776
2 5 80929 81929
3 5 81081 82081
2 5 81157 82157
1 5 81233 82233
3 5 81386 82386
0 5 81538 82538
2 5 81690 82690
1 5 81766 82766
0 5 81842 82842
2 5 81919 82919
3 5 81995 82995
0 5 82147 83147
2 5 82299 83299
1 5 82375 83375
3 5 82452 83452
3 5 82604 83604
0 5 82756 83756
2 5 82908 83908
1 5 82985 83985
0 5 83061 84061
3 5 83213 84213
1 5 83289 84289
2 5 83365 84365
0 5 83441 84441
3 5 83518 84518
2 5 83594 84594
1 5 83670 84670
3 5 83822 84822
0 5 83974 84974
3 5 84127 85127
2 5 84203 85203
0 5 84279 85279
1 5 84355 85355
2 5 84431 85431
0 5 84583 85583
3 5 84736 85736
2 5 84812 85812
1 5 84888 85888
1 5 85040 86040
3 5 85193 86193
0 5 85345 86345
2 5 85421 86421
1 5 85497 86497
0 5 85573 86573
3 5 85649 86649
1 5 85802 86802
0 5 85954 86954
1 5 86030 87030
2 5 86106 87106
3 5 86106 87106
1 5 86411 87411
0 5 86411 87411
3 5 86715 87715
2 5 86792 87792
1 5 86868 87868
1 5 87172 88172
3 5 87325 88325
2 5 87401 88401
0 5 87477 88477
1 5 87553 88553
3 5 87629 88629
2 5 87705 88705
0 5 87781 88781
1 5 87858 88858
2 5 87934 88934
3 5 87934 88934
0 5 88238 89238
2 5 88391 89391
1 5 88467 89467
0 5 88543 89543
3 5 88543 89543
1 5 88695 89695
2 5 88771 89771
0 5 88847 89847
1 5 88923 89923
2 5 88999 89999
3 5 89076 90076
0 5 89152 90152
0 5 89304 90304
2 5 89380 90380
2 5 89532 90532
1 5 89609 90609
3 5 89761 90761
3 5 89913 90913
0 5 89989 90989
0 5 90141 91141
2 5 90218 91218
2 5 90370 91370
0 5 90522 91522
1 5 90598 91598
3 5 90674 91674
2 5 90751 91751
1 5 90827 91827
0 5 90903 91903
3 5 90979 91979
3 5 91131 92131
1 5 91207 92207
1 5 91360 92360
2 5 91436 92436
0 5 91588 92588
3 5 91740 92740
2 5 91817 92817
0 5 91893 92893
1 5 91969 92969
2 5 92045 93045
3 5 92121 93121
0 5 92197 93197
2 5 92350 93350
1 5 92426 93426
3 5 92502 93502
0 5 92654 93654
2 5 92730 93730
1 5 92806 93806
0 5 92883 93883
3 5 92959 93959
2 5 93035 94035
0 5 93111 94111
1 5 93187 94187
2 5 93263 94263
0 5 93416 94416
3 5 93416 94416
2 5 93568 94568
1 5 93644 94644
0 5 93720 94720
1 5 93796 94796
2 5 93872 94872
3 5 93949 94949
1 5 94025 95025
0 5 94101 95101
2 5 94177 95177
1 5 94253 95253
3 5 94329 95329
0 5 94405 95405
1 5 94482 95482
2 5 94558 95558
3 5 94634 95634
1 5 94786 95786
0 5 94862 95862
3 5 94938 95938
2 5 95015 96015
0 5 95091 96091
1 5 95167 96167
2 5 95243 96243
0 5 95319 96319
3 5 95395 96395
2 5 95471 96471
1 5 95548 96548
0 5 95624 96624
1 5 95700 96700
2 5 95776 96776
3 5 95852 96852
3 5 96004 97004
1 5 96081 97081
1 5 96233 97233
2 5 96309 97309
0 5 96461 97461
3 5 96614 97614
2 5 96690 97690
0 5 96766 97766
1 5 96842 97842
2 5 96918 97918
3 5 96994 97994
0 5 97070 98070
2 5 97223 98223
1 5 97299 98299
3 5 97375 98375
0 5 97527 98527
2 5 97680 98680
0 5 97832 98832
1 5 97908 98908
3 5 97984 98984
2 5 98060 99060
1 5 98136 99136
0 5 98289 99289
3 5 98289 99289
2 5 98441 99441
1 5 98517 99517
3 5 98593 99593
2 5 98669 99669
1 5 98745 99745
0 5 98822 99822
3 5 98898 99898
3 5 99050 100050
1 5 99126 100126
1 5 99278 100278
2 5 99355 100355
0 5 99507 100507
0 5 99659 100659
3 5 99735 100735
3 5 99887 100887
1 5 99964 100964
1 5 100116 101116
3 5 100268 101268
2 5 100344 101344
0 5 100420 101420
1 5 100497 101497
2 5 100573 101573
3 5 100649 101649
0 5 100725 101725
0 5 100877 101877
2 5 100953 101953
2 5 101106 102106
1 5 101182 102182
3 5 101334 102334
0 5 101486 102486
1 5 101563 102563
3 5 101639 102639
2 5 101715 102715
1 5 101791 102791
3 5 101944 102944
2 5 102020 103020
1 5 102096 103096
3 5 102248 103248
2 5 102324 103324
1 5 102400 103400
2 5 102553 103553
3 5 102553 103553
1 5 102781 103781
0 5 102781 103781
2 5 103010 104010
3 5 103010 104010
0 5 103162 104162
1 5 103162 104162
2 5 103314 104314
1 5 103390 104390
0 5 103466 104466
1 5 103542 104542
2 5 103618 104618
3 5 103695 104695
1 5 103771 104771
0 5 103847 104847
2 5 103923 104923
1 5 103999 104999
3 5 104075 105075
0 5 104151 105151
1 5 104228 105228
2 5 104304 105304
3 5 104380 105380
1 5 104532 105532
0 5 104608 105608
3 5 104684 105684
2 5 104761 105761
0 5 104837 105837
1 5 104913 105913
2 5 104989 105989
0 5 105065 106065
3 5 105141 106141
2 5 105217 106217
1 5 105294 106294
0 5 105370 106370
1 5 105446 106446
2 5 105522 106522
3 5 105598 106598
3 5 105750 106750
1 5 105827 106827
1 5 105979 106979
2 5 106055 107055
0 5 106207 107207
3 5 106360 107360
2 5 106436 107436
0 5 106512 107512
1 5 106588 107588
2 5 106664 107664
3 5 106740 107740
1 5 106817 107817
0 5 106893 107893
2 5 106969 107969
1 5 107045 108045
3 5 107121 108121
0 5 107197 108197
1 5 107273 108273
2 5 107350 108350
3 5 107426 108426
1 5 107502 108502
0 5 107578 108578
2 5 107654 108654
3 5 107730 108730
0 5 107806 108806
1 5 107883 108883
2 5 107959 108959
0 5 108035 109035
3 5 108035 109035
2 5 108187 109187
1 5 108263 109263
0 5 108339 109339
3 5 108416 109416
1 5 108492 109492
2 5 108568 109568
3 5 108644 109644
3 5 108796 109796
1 5 108872 109872
1 5 109025 110025
2 5 109101 110101
0 5 109253 110253
3 5 109405 110405
2 5 109482 110482
0 5 109558 110558
1 5 109634 110634
2 5 109710 110710
3 5 109786 110786
0 5 109862 110862
2 5 110015 111015
3 5 110091 111091
1 5 110167 111167
0 5 110243 111243
2 5 110319 111319
1 5 110395 111395
3 5 110471 111471
0 5 110624 111624
1 5 110700 111700
2 5 110776 111776
0 5 110928 111928
3 5 111081 112081
1 5 111233 112233
2 5 111309 112309
0 5 111385 112385
3 5 111537 112537
2 5 111614 112614
1 5 111690 112690
0 5 111842 112842
1 5 111918 112918
2 5 111994 112994
3 5 112147 113147
2 5 112223 113223
1 5 112299 113299
0 5 112375 113375
2 5 112451 113451
3 5 112527 113527
0 5 112603 113603
1 5 112680 113680
2 5 112756 113756
0 5 112908 113908
3 5 112908 113908
2 5 113060 114060
0 5 113136 114136
1 5 113213 114213
3 5 113289 114289
2 5 113365 114365
1 5 113441 114441
0 5 113517 114517
0 5 113669 114669
2 5 113746 114746
2 5 113898 114898
1 5 113974 114974
3 5 114126 115126
0 5 114279 115279
1 5 114355 115355
2 5 114431 115431
0 5 114507 115507
3 5 114583 115583
2 5 114659 115659
1 5 114735 115735
0 5 114888 115888
3 5 114964 115964
2 5 115040 116040
1 5 115116 116116
3 5 115192 116192
0 5 115268 116268
1 5 115345 116345
3 5 115497 116497
1 5 115573 116573
2 5 115649 116649
0 5 115801 116801
3 5 115954 116954
1 5 116106 117106
2 5 116182 117182
0 5 116258 117258
3 5 116411 117411
2 5 116487 117487
1 5 116563 117563
0 5 116715 117715
1 5 116791 117791
2 5 116867 117867
0 5 117020 118020
3 5 117172 118172
1 5 117248 118248
2 5 117324 118324
0 5 117400 118400
1 5 117477 118477
2 5 117553 118553
3 5 117629 118629
1 5 117781 118781
0 5 117781 118781
2 5 117933 118933
1 5 118009 119009
0 5 118085 119085
3 5 118162 119162
1 5 118238 119238
2 5 118314 119314
3 5 118390 119390
3 5 118542 119542
1 5 118618 119618
1 5 118771 119771
2 5 118847 119847
0 5 118999 119999
3 5 119151 120151
2 5 119228 120228
0 5 119304 120304
1 5 119380 120380
2 5 119456 120456
3 5 119532 120532
0 5 119608 120608
2 5 119761 120761
3 5 119837 120837
1 5 119913 120913
0 5 119989 120989
2 5 120065 121065
1 5 120141 121141
3 5 120217 121217
0 5 120370 121370
1 5 120446 121446
2 5 120522 121522
0 5 120674 121674
3 5 120827 121827
1 5 120979 121979
2 5 121055 122055
0 5 121131 122131
3 5 121283 122283
2 5 121360 122360
1 5 121436 122436
0 5 121588 122588
1 5 121664 122664
2 5 121740 122740
3 5 121893 122893
2 5 121969 122969
1 5 122045 123045
0 5 122121 123121
2 5 122197 123197
3 5 122273 123273
0 5 122349 123349
1 5 122426 123426
2 5 122502 123502
0 5 122654 123654
3 5 122654 123654
2 5 122806 123806
0 5 122882 123882
1 5 122959 123959
3 5 123035 124035
2 5 123111 124111
1 5 123187 124187
0 5 123263 124263
0 5 123415 124415
2 5 123492 124492
2 5 123644 124644
1 5 123720 124720
3 5 123872 124872
0 5 124025 125025
1 5 124101 125101
2 5 124177 125177
0 5 124253 125253
3 5 124329 125329
2 5 124405 125405
1 5 124481 125481
0 5 124634 125634
3 5 124710 125710
2 5 124786 125786
1 5 124862 125862
3 5 124938 125938
0 5 125014 126014
1 5 125091 126091
3 5 125243 126243
1 5 125319 126319
2 5 125395 126395
0 5 125547 126547
3 5 125700 126700
1 5 125852 126852
2 5 125928 126928
0 5 126004 127004
3 5 126157 127157
2 5 126233 127233
1 5 126309 127309
0 5 126461 127461
1 5 126537 127537
2 5 126613 127613
3 5 126690 127690
1 5 126766 127766
0 5 126842 127842
3 5 126918 127918
2 5 126994 127994
1 5 127070 128070
3 5 127223 128223
2 5 127299 128299
1 5 127375 128375
3 5 127527 128527
0 5 127680 128680
3 5 127832 128832
1 5 127984 128984
0 5 128289 129289
2 5 128593 129593
0 5 128898 129898
1 5 128974 129974
2 5 129050 130050
0 5 129202 130202
3 5 129507 130507
2 5 129583 130583
1 5 129659 130659
2 5 129812 130812
3 5 129964 130964
3 5 130268 131268
2 5 130421 131421
1 5 130725 131725
0 5 131030 132030
1 5 131334 132334
3 5 131487 132487
1 5 131639 132639
0 5 131944 132944
1 5 132096 133096
2 5 132248 133248
3 5 132400 133400
2 5 132857 133857
1 5 133162 134162
0 5 133466 134466
1 5 133771 134771
2 5 134076 135076
3 5 134837 135837
2 5 135446 136446
1 5 136055 137055
0 5 136664 137664
2 5 137273 138273
3 5 137273 138273
