Princess of Winter
HyuN
Insane
89466
0 5 65 1065
2 5 370 1370
1 5 674 1674
2 5 979 1979
1 5 1055 2055
3 5 1131 2131
0 5 1284 2284
1 5 1588 2588
2 5 1664 2664
0 5 1740 2740
1 5 1893 2893
3 5 2045 3045
0 5 2197 3197
3 5 2350 3350
1 5 2502 3502
2 5 2806 3806
0 5 3111 4111
1 5 3416 4416
2 5 3492 4492
0 5 3568 4568
3 5 3720 4720
2 5 4025 5025
1 5 4101 5101
3 5 4177 5177
2 5 4329 5329
0 5 4482 5482
3 5 4634 5634
0 5 4786 5786
2 5 4938 5938
1 5 5243 6243
2 5 5548 6548
1 5 5852 6852
2 5 5928 6928
0 5 6004 7004
3 5 6157 7157
2 5 6461 7461
1 5 6537 7537
3 5 6614 7614
2 5 6766 7766
0 5 6918 7918
3 5 7070 8070
0 5 7223 8223
2 5 7375 8375
1 5 7680 8680
3 5 7984 8984
2 5 8289 9289
1 5 8365 9365
3 5 8441 9441
0 5 8593 9593
2 5 8746 9746
3 5 8822 9822
1 5 8898 9898
0 5 8974 9974
3 5 9050 10050
2 5 9126 10126
1 5 9202 10202
0 5 9279 10279
2 5 9355 10355
3 5 9355 10355
1 5 9507 10507
2 5 9659 10659
3 5 9659 10659
0 5 9812 10812
1 5 9964 10964
3 5 9964 10964
2 5 10116 11116
0 5 10268 11268
2 5 10421 11421
1 5 10725 11725
2 5 10801 11801
3 5 10878 11878
0 5 10878 11878
1 5 11030 12030
2 5 11182 12182
3 5 11182 12182
2 5 11334 12334
1 5 11411 12411
0 5 11487 12487
2 5 11639 12639
1 5 11791 12791
3 5 11791 12791
0 5 11944 12944
3 5 12096 13096
1 5 12248 13248
0 5 12400 13400
2 5 12400 13400
3 5 12553 13553
1 5 12705 13705
0 5 12857 13857
2 5 13162 14162
1 5 13238 14238
3 5 13314 14314
0 5 13314 14314
2 5 13466 14466
1 5 13619 14619
0 5 13619 14619
1 5 13771 14771
2 5 13847 14847
3 5 13923 14923
1 5 14076 15076
0 5 14228 15228
3 5 14228 15228
2 5 14380 15380
1 5 14532 15532
0 5 14532 15532
3 5 14685 15685
2 5 14837 15837
0 5 14837 15837
1 5 14989 15989
3 5 15141 16141
1 5 15294 16294
2 5 15598 16598
1 5 15674 16674
0 5 15751 16751
3 5 15751 16751
2 5 15903 16903
1 5 16055 17055
0 5 16055 17055
1 5 16207 17207
2 5 16284 17284
3 5 16360 17360
1 5 16512 17512
2 5 16664 17664
3 5 16664 17664
0 5 16817 17817
1 5 16969 17969
2 5 16969 17969
3 5 17121 18121
1 5 17273 18273
0 5 17273 18273
2 5 17350 18350
3 5 17350 18350
0 5 17426 18426
2 5 17730 18730
0 5 17883 18883
1 5 17959 18959
3 5 18035 19035
2 5 18111 19111
1 5 18187 19187
3 5 18263 19263
0 5 18339 19339
1 5 18416 19416
2 5 18492 19492
3 5 18492 19492
1 5 18568 19568
0 5 18568 19568
2 5 18644 19644
3 5 18644 19644
1 5 18720 19720
0 5 18720 19720
3 5 18796 19796
0 5 18949 19949
1 5 18987 19987
2 5 19025 20025
3 5 19063 20063
1 5 19101 20101
0 5 19101 20101
2 5 19253 20253
1 5 19329 20329
0 5 19405 20405
3 5 19405 20405
2 5 19482 20482
1 5 19558 20558
3 5 19634 20634
2 5 19710 20710
0 5 19862 20862
3 5 19862 20862
1 5 19938 20938
1 5 20091 21091
0 5 20167 21167
2 5 20167 21167
3 5 20319 21319
1 5 20319 21319
2 5 20471 21471
1 5 20548 21548
0 5 20624 21624
3 5 20624 21624
2 5 20700 21700
1 5 20776 21776
2 5 20852 21852
0 5 20928 21928
1 5 21081 22081
3 5 21081 22081
0 5 21157 22157
2 5 21233 22233
1 5 21309 22309
0 5 21385 22385
3 5 21385 22385
2 5 21461 22461
1 5 21537 22537
0 5 21537 22537
2 5 21690 22690
0 5 21766 22766
1 5 21842 22842
3 5 21842 22842
2 5 21994 22994
0 5 21994 22994
3 5 22147 23147
0 5 22299 23299
1 5 22299 23299
2 5 22375 23375
1 5 22451 23451
2 5 22603 23603
3 5 22603 23603
1 5 22756 23756
0 5 22756 23756
1 5 22908 23908
2 5 22984 23984
0 5 23060 24060
3 5 23060 24060
1 5 23213 24213
2 5 23213 24213
3 5 23365 24365
1 5 23517 24517
0 5 23517 24517
3 5 23669 24669
2 5 23746 24746
0 5 23822 24822
1 5 23860 24860
2 5 23898 24898
3 5 23936 24936
1 5 23974 24974
0 5 23974 24974
2 5 24126 25126
0 5 24202 25202
1 5 24279 25279
3 5 24279 25279
2 5 24355 25355
1 5 24431 25431
0 5 24507 25507
2 5 24583 25583
1 5 24735 25735
3 5 24735 25735
0 5 24812 25812
0 5 24964 25964
2 5 25040 26040
3 5 25040 26040
1 5 25192 26192
0 5 25192 26192
2 5 25345 26345
1 5 25421 26421
0 5 25497 26497
3 5 25497 26497
2 5 25573 26573
1 5 25649 26649
2 5 25725 26725
0 5 25801 26801
1 5 25954 26954
3 5 25954 26954
0 5 26030 27030
2 5 26106 27106
1 5 26182 27182
0 5 26258 27258
2 5 26258 27258
3 5 26334 27334
1 5 26411 27411
0 5 26411 27411
2 5 26563 27563
0 5 26639 27639
1 5 26715 27715
3 5 26715 27715
2 5 26867 27867
0 5 26867 27867
3 5 27020 28020
1 5 27172 28172
0 5 27172 28172
2 5 27248 28248
0 5 27324 28324
1 5 27477 28477
3 5 27477 28477
2 5 27629 28629
0 5 27629 28629
0 5 27781 28781
1 5 27857 28857
2 5 27933 28933
3 5 27933 28933
0 5 28086 29086
1 5 28086 29086
3 5 28238 29238
2 5 28390 29390
1 5 28390 29390
0 5 28543 29543
1 5 28619 29619
3 5 28695 29695
2 5 28733 29733
1 5 28771 29771
0 5 28809 29809
2 5 28847 29847
3 5 28847 29847
1 5 28999 29999
2 5 29076 30076
3 5 29152 30152
0 5 29152 30152
1 5 29228 30228
2 5 29304 30304
0 5 29380 30380
1 5 29456 30456
3 5 29609 30609
0 5 29609 30609
2 5 29685 30685
2 5 29837 30837
3 5 29913 30913
1 5 29913 30913
0 5 30065 31065
2 5 30065 31065
1 5 30218 31218
2 5 30294 31294
3 5 30370 31370
0 5 30370 31370
1 5 30446 31446
2 5 30522 31522
1 5 30598 31598
3 5 30674 31674
2 5 30827 31827
0 5 30827 31827
3 5 30903 31903
1 5 30979 31979
2 5 31055 32055
3 5 31131 32131
0 5 31131 32131
1 5 31207 32207
2 5 31284 32284
3 5 31284 32284
1 5 31436 32436
3 5 31512 32512
2 5 31588 32588
0 5 31588 32588
1 5 31740 32740
3 5 31740 32740
0 5 31893 32893
3 5 32045 33045
2 5 32045 33045
1 5 32121 33121
2 5 32197 33197
1 5 32350 33350
0 5 32350 33350
2 5 32502 33502
3 5 32502 33502
2 5 32654 33654
1 5 32730 33730
3 5 32806 33806
0 5 32806 33806
2 5 32959 33959
1 5 32959 33959
0 5 33111 34111
2 5 33263 34263
3 5 33263 34263
0 5 33416 34416
1 5 33492 34492
3 5 33568 34568
2 5 33606 34606
1 5 33644 34644
0 5 33682 34682
2 5 33720 34720
3 5 33720 34720
1 5 33872 34872
3 5 33949 34949
2 5 34025 35025
0 5 34025 35025
1 5 34101 35101
2 5 34177 35177
3 5 34253 35253
1 5 34329 35329
2 5 34482 35482
0 5 34482 35482
3 5 34558 35558
3 5 34710 35710
1 5 34786 35786
0 5 34786 35786
2 5 34938 35938
3 5 34938 35938
1 5 35091 36091
2 5 35167 36167
3 5 35243 36243
0 5 35243 36243
1 5 35319 36319
2 5 35395 36395
1 5 35471 36471
3 5 35548 36548
2 5 35700 36700
0 5 35700 36700
3 5 35776 36776
1 5 35852 36852
2 5 35928 36928
3 5 36004 37004
1 5 36004 37004
0 5 36081 37081
2 5 36157 37157
3 5 36157 37157
1 5 36309 37309
3 5 36385 37385
2 5 36461 37461
0 5 36461 37461
1 5 36614 37614
3 5 36614 37614
0 5 36766 37766
2 5 36918 37918
3 5 36918 37918
1 5 36994 37994
2 5 37070 38070
0 5 37223 38223
3 5 37223 38223
1 5 37375 38375
2 5 37375 38375
3 5 37527 38527
2 5 37603 38603
1 5 37680 38680
0 5 37680 38680
2 5 37756 38756
0 5 37832 38832
3 5 37832 38832
1 5 37908 38908
2 5 37984 38984
3 5 37984 38984
0 5 38136 39136
1 5 38174 39174
2 5 38213 39213
3 5 38251 39251
1 5 38289 39289
0 5 38289 39289
3 5 38441 39441
2 5 38479 39479
1 5 38517 39517
0 5 38555 39555
2 5 38593 39593
3 5 38593 39593
3 5 39812 40812
0 5 39964 40964
3 5 40116 41116
1 5 40268 41268
1 5 40573 41573
3 5 40725 41725
2 5 40878 41878
0 5 41030 42030
1 5 41182 42182
2 5 41334 42334
3 5 41487 42487
0 5 41639 42639
2 5 41791 42791
1 5 41867 42867
2 5 41944 42944
0 5 42096 43096
3 5 42248 43248
1 5 42400 43400
3 5 42553 43553
0 5 42705 43705
2 5 43010 44010
2 5 43314 44314
0 5 43466 44466
3 5 43619 44619
1 5 43771 44771
3 5 43923 44923
0 5 44076 45076
2 5 44228 45228
1 5 44304 45304
3 5 44380 45380
2 5 44456 45456
0 5 44532 45532
1 5 44609 45609
2 5 44685 45685
0 5 44837 45837
2 5 44989 45989
1 5 45141 46141
1 5 45446 46446
3 5 45598 46598
2 5 45751 46751
0 5 45903 46903
1 5 46055 47055
2 5 46207 47207
3 5 46360 47360
0 5 46512 47512
2 5 46664 47664
1 5 46740 47740
2 5 46817 47817
0 5 46969 47969
3 5 47121 48121
1 5 47273 48273
3 5 47426 48426
0 5 47578 48578
2 5 47883 48883
2 5 48187 49187
0 5 48339 49339
3 5 48492 49492
1 5 48644 49644
3 5 48796 49796
0 5 48949 49949
1 5 49101 50101
2 5 49177 50177
0 5 49253 50253
3 5 49329 50329
2 5 49405 50405
1 5 49482 50482
0 5 49558 50558
3 5 49558 50558
2 5 49710 50710
1 5 49862 50862
0 5 49862 50862
3 5 50015 51015
0 5 50091 51091
1 5 50167 51167
2 5 50243 51243
3 5 50319 51319
0 5 50471 51471
1 5 50471 51471
2 5 50624 51624
1 5 50700 51700
3 5 50776 51776
3 5 50928 51928
0 5 51081 52081
1 5 51081 52081
2 5 51233 52233
1 5 51309 52309
0 5 51385 52385
2 5 51537 52537
1 5 51690 52690
0 5 51690 52690
3 5 51842 52842
2 5 51918 52918
1 5 51994 52994
3 5 52147 53147
0 5 52299 53299
1 5 52299 53299
2 5 52451 53451
1 5 52527 53527
0 5 52603 53603
2 5 52680 53680
3 5 52756 53756
1 5 52908 53908
0 5 52908 53908
2 5 53060 54060
1 5 53136 54136
0 5 53213 54213
0 5 53365 54365
3 5 53517 54517
2 5 53517 54517
1 5 53669 54669
2 5 53746 54746
0 5 53822 54822
3 5 53974 54974
2 5 54050 55050
1 5 54126 55126
0 5 54126 55126
3 5 54202 55202
0 5 54279 55279
1 5 54355 55355
2 5 54431 55431
0 5 54583 55583
3 5 54735 55735
2 5 54735 55735
1 5 54888 55888
2 5 54964 55964
0 5 55040 56040
1 5 55116 56116
3 5 55192 56192
0 5 55345 56345
1 5 55345 56345
2 5 55497 56497
1 5 55573 56573
0 5 55649 56649
0 5 55801 56801
3 5 55954 56954
2 5 55954 56954
1 5 56106 57106
2 5 56182 57182
3 5 56258 57258
1 5 56411 57411
2 5 56563 57563
3 5 56563 57563
0 5 56715 57715
1 5 56791 57791
2 5 56867 57867
0 5 57020 58020
3 5 57172 58172
2 5 57172 58172
1 5 57324 58324
2 5 57400 58400
3 5 57477 58477
1 5 57553 58553
0 5 57629 58629
2 5 57781 58781
3 5 57781 58781
1 5 57933 58933
2 5 58010 59010
3 5 58086 59086
3 5 58238 59238
0 5 58390 59390
1 5 58390 59390
2 5 58543 59543
1 5 58619 59619
3 5 58695 59695
2 5 58771 59771
0 5 58847 59847
1 5 58923 59923
2 5 58999 59999
0 5 59076 60076
3 5 59152 60152
2 5 59228 60228
0 5 59304 60304
1 5 59304 60304
3 5 60218 61218
2 5 60370 61370
0 5 60522 61522
2 5 60979 61979
1 5 61436 62436
3 5 61740 62740
0 5 62197 63197
1 5 62654 63654
2 5 62959 63959
0 5 63568 64568
3 5 63872 64872
1 5 64177 65177
3 5 65091 66091
2 5 65243 66243
0 5 65395 66395
2 5 65852 66852
1 5 66309 67309
3 5 66614 67614
0 5 67070 68070
3 5 67527 68527
1 5 67832 68832
3 5 68441 69441
0 5 68746 69746
3 5 69050 70050
2 5 69050 70050
3 5 69659 70659
1 5 69659 70659
0 5 69964 70964
1 5 70116 71116
3 5 70268 71268
1 5 70573 71573
0 5 70573 71573
2 5 70725 71725
1 5 70878 71878
3 5 70878 71878
0 5 71182 72182
3 5 71487 72487
2 5 71791 72791
0 5 71791 72791
1 5 71944 72944
2 5 72096 73096
3 5 72096 73096
3 5 72400 73400
0 5 72553 73553
1 5 73010 74010
2 5 73010 74010
2 5 73314 74314
3 5 73314 74314
1 5 73619 74619
2 5 73923 74923
3 5 74228 75228
0 5 74228 75228
1 5 74532 75532
3 5 74532 75532
0 5 74837 75837
1 5 74989 75989
3 5 75141 76141
0 5 75446 76446
2 5 75446 76446
1 5 75598 76598
2 5 75751 76751
3 5 75751 76751
0 5 76055 77055
2 5 76360 77360
1 5 76664 77664
3 5 76664 77664
0 5 76817 77817
2 5 76969 77969
3 5 76969 77969
1 5 77273 78273
3 5 77426 78426
0 5 77883 78883
2 5 77883 78883
0 5 78187 79187
1 5 78187 79187
2 5 78492 79492
0 5 78796 79796
3 5 78796 79796
2 5 78949 79949
1 5 79101 80101
0 5 79101 80101
3 5 79253 80253
0 5 79329 80329
1 5 79405 80405
2 5 79482 80482
3 5 79558 80558
0 5 79710 80710
1 5 79710 80710
2 5 79862 80862
1 5 79938 80938
3 5 80015 81015
3 5 80167 81167
0 5 80319 81319
1 5 80319 81319
2 5 80471 81471
1 5 80548 81548
0 5 80624 81624
2 5 80776 81776
1 5 80928 81928
0 5 80928 81928
3 5 81081 82081
2 5 81157 82157
1 5 81233 82233
3 5 81385 82385
0 5 81537 82537
1 5 81537 82537
2 5 81690 82690
1 5 81766 82766
0 5 81842 82842
2 5 81918 82918
3 5 81994 82994
1 5 82147 83147
0 5 82147 83147
2 5 82299 83299
1 5 82375 83375
0 5 82451 83451
0 5 82603 83603
3 5 82756 83756
2 5 82756 83756
1 5 82908 83908
2 5 82984 83984
0 5 83060 84060
3 5 83213 84213
2 5 83289 84289
1 5 83365 84365
0 5 83365 84365
3 5 83441 84441
0 5 83517 84517
1 5 83593 84593
2 5 83669 84669
0 5 83822 84822
3 5 83974 84974
2 5 83974 84974
1 5 84126 85126
2 5 84202 85202
0 5 84279 85279
1 5 84355 85355
3 5 84431 85431
0 5 84583 85583
1 5 84583 85583
2 5 84735 85735
1 5 84812 85812
0 5 84888 85888
0 5 85040 86040
3 5 85192 86192
2 5 85192 86192
1 5 85345 86345
2 5 85421 86421
3 5 85497 86497
1 5 85649 86649
2 5 85801 86801
3 5 85801 86801
0 5 85954 86954
1 5 86030 87030
2 5 86106 87106
3 5 86106 87106
0 5 86258 87258
1 5 86411 87411
2 5 86411 87411
3 5 86563 87563
1 5 86715 87715
0 5 86715 87715
2 5 86791 87791
3 5 86791 87791
0 5 86867 87867
2 5 87172 88172
0 5 87324 88324
1 5 87400 88400
3 5 87477 88477
2 5 87553 88553
1 5 87629 88629
3 5 87705 88705
0 5 87781 88781
1 5 87857 88857
2 5 87933 88933
3 5 87933 88933
3 5 88086 89086
2 5 88086 89086
1 5 88162 89162
0 5 88162 89162
3 5 88238 89238
2 5 88238 89238
0 5 88390 89390
1 5 88428 89428
2 5 88466 89466
3 5 88504 89504
1 5 88543 89543
0 5 88543 89543
2 5 88695 89695
0 5 88771 89771
1 5 88847 89847
3 5 88847 89847
2 5 88923 89923
1 5 88999 89999
0 5 89076 90076
2 5 89152 90152
2 5 89304 90304
3 5 89304 90304
0 5 89380 90380
0 5 89532 90532
1 5 89609 90609
3 5 89609 90609
2 5 89761 90761
0 5 89761 90761
2 5 89913 90913
1 5 89989 90989
0 5 90065 91065
3 5 90065 91065
2 5 90141 91141
1 5 90218 91218
1 5 90370 91370
0 5 90522 91522
3 5 90522 91522
2 5 90598 91598
1 5 90674 91674
2 5 90751 91751
3 5 90827 91827
0 5 90827 91827
1 5 90903 91903
2 5 90979 91979
3 5 90979 91979
2 5 91131 92131
0 5 91207 92207
1 5 91284 92284
3 5 91284 92284
2 5 91360 92360
0 5 91436 92436
0 5 91588 92588
1 5 91740 92740
3 5 91740 92740
2 5 91817 92817
0 5 91893 92893
1 5 91969 92969
2 5 92045 93045
1 5 92121 93121
0 5 92197 93197
3 5 92197 93197
2 5 92350 93350
0 5 92426 93426
1 5 92502 93502
3 5 92502 93502
2 5 92654 93654
0 5 92654 93654
3 5 92806 93806
0 5 92959 93959
1 5 92959 93959
2 5 93111 94111
1 5 93187 94187
3 5 93263 94263
2 5 93301 94301
1 5 93339 94339
0 5 93378 94378
2 5 93416 94416
3 5 93416 94416
2 5 93568 94568
0 5 93644 94644
1 5 93720 94720
3 5 93720 94720
2 5 93796 94796
1 5 93872 94872
0 5 93949 94949
2 5 94025 95025
1 5 94101 95101
3 5 94177 95177
0 5 94177 95177
2 5 94253 95253
1 5 94329 95329
2 5 94405 95405
0 5 94482 95482
1 5 94558 95558
2 5 94634 95634
3 5 94634 95634
2 5 94786 95786
1 5 94862 95862
0 5 94938 95938
3 5 94938 95938
2 5 95015 96015
1 5 95091 96091
0 5 95167 96167
2 5 95243 96243
1 5 95319 96319
0 5 95395 96395
3 5 95395 96395
2 5 95471 96471
1 5 95548 96548
2 5 95624 96624
3 5 95700 96700
0 5 95700 96700
1 5 95776 96776
2 5 95852 96852
3 5 95852 96852
2 5 96004 97004
0 5 96081 97081
1 5 96157 97157
3 5 96157 97157
2 5 96233 97233
0 5 96309 97309
0 5 96461 97461
1 5 96614 97614
3 5 96614 97614
2 5 96690 97690
0 5 96766 97766
1 5 96842 97842
2 5 96918 97918
1 5 96994 97994
0 5 97070 98070
3 5 97070 98070
1 5 97223 98223
2 5 97299 98299
3 5 97375 98375
0 5 97375 98375
2 5 97527 98527
1 5 97527 98527
0 5 97680 98680
3 5 97832 98832
2 5 97832 98832
1 5 97984 98984
2 5 98060 99060
0 5 98136 99136
1 5 98174 99174
2 5 98213 99213
3 5 98251 99251
1 5 98289 99289
0 5 98289 99289
2 5 98441 99441
0 5 98517 99517
1 5 98593 99593
3 5 98593 99593
2 5 98669 99669
1 5 98746 99746
0 5 98822 99822
2 5 98898 99898
2 5 99050 100050
3 5 99050 100050
0 5 99126 100126
0 5 99279 100279
1 5 99355 100355
3 5 99355 100355
2 5 99507 100507
0 5 99507 100507
2 5 99659 100659
1 5 99735 100735
0 5 99812 100812
3 5 99812 100812
2 5 99888 100888
1 5 99964 100964
1 5 100116 101116
0 5 100268 101268
3 5 100268 101268
2 5 100345 101345
1 5 100421 101421
2 5 100497 101497
3 5 100573 101573
0 5 100573 101573
1 5 100649 101649
2 5 100725 101725
3 5 100725 101725
2 5 100878 101878
0 5 100954 101954
1 5 101030 102030
3 5 101030 102030
2 5 101106 102106
0 5 101182 102182
0 5 101334 102334
3 5 101487 102487
2 5 101487 102487
1 5 101639 102639
0 5 101715 102715
3 5 101791 102791
2 5 101829 102829
1 5 101867 102867
0 5 101905 102905
2 5 101944 102944
3 5 101944 102944
0 5 102096 103096
1 5 102134 103134
2 5 102172 103172
3 5 102210 103210
1 5 102248 103248
0 5 102248 103248
3 5 102400 103400
2 5 102438 103438
1 5 102477 103477
0 5 102515 103515
3 5 102553 103553
2 5 102553 103553
0 5 102781 103781
1 5 102781 103781
2 5 102781 103781
0 5 103010 104010
1 5 103010 104010
3 5 103010 104010
3 5 103162 104162
2 5 103162 104162
0 5 103162 104162
2 5 103314 104314
0 5 103390 104390
1 5 103466 104466
3 5 103466 104466
2 5 103543 104543
1 5 103619 104619
0 5 103695 104695
2 5 103771 104771
1 5 103847 104847
3 5 103923 104923
0 5 103923 104923
2 5 103999 104999
1 5 104076 105076
2 5 104152 105152
0 5 104228 105228
1 5 104304 105304
2 5 104380 105380
3 5 104380 105380
2 5 104532 105532
1 5 104609 105609
0 5 104685 105685
3 5 104685 105685
2 5 104761 105761
1 5 104837 105837
0 5 104913 105913
2 5 104989 105989
1 5 105065 106065
0 5 105141 106141
3 5 105141 106141
2 5 105218 106218
1 5 105294 106294
2 5 105370 106370
3 5 105446 106446
0 5 105446 106446
1 5 105522 106522
2 5 105598 106598
3 5 105598 106598
2 5 105751 106751
0 5 105827 106827
1 5 105903 106903
3 5 105903 106903
2 5 105979 106979
0 5 106055 107055
0 5 106207 107207
1 5 106360 107360
3 5 106360 107360
2 5 106436 107436
0 5 106512 107512
1 5 106588 107588
2 5 106664 107664
1 5 106740 107740
0 5 106817 107817
3 5 106817 107817
2 5 106893 107893
1 5 106969 107969
0 5 107045 108045
1 5 107121 108121
2 5 107197 108197
0 5 107273 108273
3 5 107350 108350
2 5 107426 108426
1 5 107502 108502
3 5 107578 108578
2 5 107654 108654
0 5 107730 108730
1 5 107806 108806
2 5 107883 108883
3 5 107959 108959
0 5 108035 109035
1 5 108035 109035
2 5 108035 109035
1 5 108187 109187
2 5 108263 109263
0 5 108339 109339
3 5 108339 109339
1 5 108416 109416
2 5 108492 109492
0 5 108568 109568
1 5 108644 109644
0 5 108796 109796
3 5 108796 109796
2 5 108872 109872
2 5 109025 110025
1 5 109101 110101
3 5 109101 110101
2 5 109253 110253
0 5 109253 110253
1 5 109405 110405
2 5 109482 110482
0 5 109558 110558
3 5 109558 110558
1 5 109634 110634
2 5 109710 110710
1 5 109786 110786
3 5 109862 110862
0 5 110015 111015
2 5 110015 111015
3 5 110091 111091
1 5 110167 111167
2 5 110243 111243
0 5 110319 111319
3 5 110319 111319
1 5 110395 111395
3 5 110471 111471
2 5 110471 111471
1 5 110624 111624
3 5 110700 111700
0 5 110776 111776
2 5 110776 111776
3 5 110928 111928
1 5 110928 111928
0 5 111081 112081
2 5 111233 112233
3 5 111233 112233
1 5 111309 112309
2 5 111385 112385
0 5 111537 112537
1 5 111537 112537
3 5 111690 112690
2 5 111690 112690
2 5 111842 112842
1 5 111918 112918
0 5 111994 112994
3 5 111994 112994
1 5 112147 113147
2 5 112147 113147
0 5 112299 113299
3 5 112451 113451
2 5 112451 113451
0 5 112603 113603
1 5 112680 113680
3 5 112756 113756
2 5 112794 113794
1 5 112832 113832
0 5 112870 113870
3 5 112908 113908
2 5 112908 113908
1 5 113060 114060
3 5 113136 114136
0 5 113213 114213
2 5 113213 114213
1 5 113289 114289
2 5 113365 114365
3 5 113441 114441
1 5 113517 114517
0 5 113669 114669
2 5 113669 114669
3 5 113746 114746
3 5 113898 114898
0 5 113974 114974
1 5 113974 114974
3 5 114126 115126
2 5 114126 115126
1 5 114279 115279
2 5 114355 115355
0 5 114431 115431
3 5 114431 115431
1 5 114507 115507
2 5 114583 115583
1 5 114659 115659
3 5 114735 115735
0 5 114888 115888
2 5 114888 115888
3 5 114964 115964
1 5 115040 116040
2 5 115116 116116
1 5 115192 116192
3 5 115192 116192
0 5 115268 116268
3 5 115345 116345
2 5 115345 116345
1 5 115497 116497
3 5 115573 116573
0 5 115649 116649
2 5 115649 116649
3 5 115801 116801
1 5 115801 116801
0 5 115954 116954
3 5 116106 117106
2 5 116106 117106
1 5 116182 117182
3 5 116258 117258
0 5 116411 117411
2 5 116411 117411
3 5 116563 117563
1 5 116563 117563
3 5 116715 117715
2 5 116791 117791
0 5 116867 117867
1 5 116867 117867
2 5 117020 118020
3 5 117020 118020
0 5 117172 118172
2 5 117324 118324
1 5 117324 118324
3 5 117477 118477
2 5 117553 118553
0 5 117629 118629
1 5 117667 118667
2 5 117705 118705
3 5 117743 118743
0 5 117781 118781
1 5 117781 118781
2 5 117933 118933
1 5 118010 119010
3 5 118086 119086
0 5 118086 119086
2 5 118162 119162
1 5 118238 119238
3 5 118314 119314
2 5 118390 119390
3 5 118543 119543
0 5 118543 119543
1 5 118619 119619
1 5 118771 119771
2 5 118847 119847
0 5 118847 119847
1 5 118999 119999
3 5 118999 119999
2 5 119152 120152
1 5 119228 120228
3 5 119304 120304
0 5 119304 120304
2 5 119380 120380
1 5 119456 120456
2 5 119532 120532
0 5 119609 120609
3 5 119761 120761
1 5 119761 120761
0 5 119837 120837
2 5 119913 120913
1 5 119989 120989
3 5 120065 121065
0 5 120065 121065
2 5 120141 121141
0 5 120218 121218
1 5 120218 121218
2 5 120370 121370
0 5 120446 121446
3 5 120522 121522
1 5 120522 121522
0 5 120674 121674
2 5 120674 121674
3 5 120827 121827
1 5 120979 121979
0 5 120979 121979
2 5 121055 122055
1 5 121131 122131
3 5 121284 122284
2 5 121284 122284
0 5 121436 122436
1 5 121436 122436
1 5 121588 122588
2 5 121664 122664
3 5 121740 122740
0 5 121740 122740
2 5 121893 122893
1 5 121893 122893
3 5 122045 123045
0 5 122197 123197
1 5 122197 123197
3 5 122350 123350
2 5 122426 123426
0 5 122502 123502
1 5 122540 123540
2 5 122578 123578
3 5 122616 123616
0 5 122654 123654
1 5 122654 123654
2 5 122806 123806
0 5 122883 123883
3 5 122959 123959
1 5 122959 123959
2 5 123035 124035
1 5 123111 124111
0 5 123187 124187
2 5 123263 124263
3 5 123416 124416
1 5 123416 124416
0 5 123492 124492
0 5 123644 124644
3 5 123720 124720
2 5 123720 124720
0 5 123872 124872
1 5 123872 124872
2 5 124025 125025
1 5 124101 125101
3 5 124177 125177
0 5 124177 125177
2 5 124253 125253
1 5 124329 125329
2 5 124405 125405
0 5 124482 125482
3 5 124634 125634
1 5 124634 125634
0 5 124710 125710
2 5 124786 125786
1 5 124862 125862
2 5 124938 125938
0 5 124938 125938
3 5 125015 126015
0 5 125091 126091
1 5 125091 126091
2 5 125243 126243
0 5 125319 126319
3 5 125395 126395
1 5 125395 126395
0 5 125548 126548
2 5 125548 126548
3 5 125700 126700
0 5 125852 126852
1 5 125852 126852
2 5 125928 126928
1 5 126004 127004
0 5 126157 127157
3 5 126157 127157
1 5 126309 127309
2 5 126309 127309
0 5 126461 127461
1 5 126537 127537
3 5 126614 127614
2 5 126614 127614
1 5 126690 127690
0 5 126766 127766
3 5 126766 127766
2 5 126842 127842
0 5 126918 127918
1 5 126918 127918
3 5 127070 128070
2 5 127109 128109
1 5 127147 128147
0 5 127185 128185
3 5 127223 128223
2 5 127223 128223
0 5 127375 128375
1 5 127413 128413
2 5 127451 128451
3 5 127489 128489
0 5 127527 128527
1 5 127527 128527
2 5 127680 128680
1 5 127832 128832
0 5 127832 128832
3 5 127984 128984
2 5 128136 129136
0 5 128136 129136
1 5 128289 129289
3 5 128441 129441
1 5 128593 129593
2 5 128898 129898
1 5 128974 129974
0 5 129050 130050
3 5 129050 130050
2 5 129202 130202
1 5 129355 130355
0 5 129355 130355
1 5 129507 130507
2 5 129583 130583
3 5 129659 130659
1 5 129812 130812
2 5 129964 130964
0 5 129964 130964
3 5 130116 131116
0 5 130268 131268
2 5 130421 131421
1 5 130573 131573
0 5 130725 131725
2 5 130878 131878
3 5 131030 132030
1 5 131334 132334
2 5 131411 132411
3 5 131487 132487
0 5 131639 132639
3 5 131791 132791
2 5 131944 132944
1 5 132020 133020
0 5 132096 133096
2 5 132248 133248
3 5 132400 133400
0 5 132553 133553
3 5 132705 133705
1 5 132857 133857
2 5 133162 134162
0 5 133466 134466
1 5 133771 134771
2 5 133923 134923
0 5 134076 135076
3 5 134380 135380
1 5 134532 135532
2 5 134685 135685
0 5 134837 135837
0 5 135141 136141
2 5 135294 136294
1 5 135598 136598
0 5 135903 136903
2 5 136207 137207
0 5 136360 137360
1 5 136512 137512
3 5 136664 137664
1 5 137273 138273
0 5 137273 138273
