Princess of Winter
HyuN
Normal
89466
3 5 65 1065
0 5 370 1370
2 5 674 1674
1 5 979 1979
2 5 1131 2131
3 5 1284 2284
0 5 1588 2588
1 5 1740 2740
2 5 1893 2893
3 5 2045 3045
1 5 2197 3197
2 5 2350 3350
0 5 2502 3502
3 5 2806 3806
1 5 3111 4111
2 5 3416 4416
1 5 3568 4568
0 5 3720 4720
3 5 4025 5025
1 5 4177 5177
2 5 4329 5329
3 5 4482 5482
0 5 4634 5634
2 5 4786 5786
1 5 4938 5938
0 5 5243 6243
2 5 5547 6547
1 5 5852 6852
2 5 6004 7004
3 5 6157 7157
0 5 6461 7461
1 5 6613 7613
2 5 6766 7766
3 5 6918 7918
1 5 7070 8070
2 5 7223 8223
0 5 7375 8375
3 5 7679 8679
1 5 7984 8984
2 5 8289 9289
1 5 8441 9441
3 5 8593 9593
0 5 8746 9746
3 5 9050 10050
1 5 9355 10355
0 5 9355 10355
2 5 9659 10659
3 5 9964 10964
0 5 9964 10964
2 5 10421 11421
2 5 10878 11878
0 5 11182 12182
3 5 11182 12182
1 5 11487 12487
2 5 11791 12791
1 5 12400 13400
3 5 12400 13400
0 5 12705 13705
0 5 13314 14314
3 5 13619 14619
2 5 13619 14619
1 5 14228 15228
2 5 14532 15532
3 5 14837 15837
0 5 14837 15837
1 5 15294 16294
1 5 15751 16751
0 5 16055 17055
3 5 16055 17055
2 5 16360 17360
1 5 16664 17664
1 5 16969 17969
3 5 17273 18273
0 5 17426 18426
0 5 17730 18730
3 5 17883 18883
2 5 18035 19035
1 5 18187 19187
0 5 18339 19339
3 5 18492 19492
1 5 18796 19796
0 5 19101 20101
3 5 19101 20101
2 5 19405 20405
3 5 19405 20405
0 5 19558 20558
3 5 19862 20862
1 5 19862 20862
0 5 20167 21167
1 5 20319 21319
2 5 20471 21471
3 5 20624 21624
1 5 20624 21624
0 5 20776 21776
2 5 21081 22081
3 5 21081 22081
0 5 21233 22233
3 5 21385 22385
1 5 21385 22385
2 5 21537 22537
3 5 21842 22842
0 5 21842 22842
1 5 21994 22994
3 5 22299 23299
2 5 22299 23299
0 5 22603 23603
2 5 22756 23756
1 5 22908 23908
0 5 23060 24060
2 5 23060 24060
3 5 23213 24213
0 5 23517 24517
1 5 23517 24517
2 5 23669 24669
3 5 23822 24822
0 5 23974 24974
1 5 23974 24974
1 5 24279 25279
0 5 24279 25279
3 5 24431 25431
0 5 24735 25735
2 5 24735 25735
3 5 25040 26040
2 5 25192 26192
1 5 25345 26345
0 5 25497 26497
3 5 25497 26497
2 5 25649 26649
0 5 25954 26954
1 5 25954 26954
2 5 26106 27106
1 5 26258 27258
3 5 26258 27258
0 5 26411 27411
3 5 26715 27715
2 5 26715 27715
0 5 26867 27867
1 5 27172 28172
3 5 27172 28172
2 5 27477 28477
0 5 27629 28629
1 5 27781 28781
3 5 27933 28933
2 5 27933 28933
0 5 28086 29086
3 5 28390 29390
2 5 28390 29390
1 5 28543 29543
0 5 28695 29695
2 5 28847 29847
3 5 28847 29847
0 5 29152 30152
2 5 29152 30152
3 5 29305 30305
0 5 29609 30609
1 5 29609 30609
3 5 29914 30914
2 5 30066 31066
1 5 30218 31218
2 5 30370 31370
0 5 30371 31371
3 5 30523 31523
0 5 30827 31827
1 5 30828 31828
3 5 30980 31980
2 5 31131 32131
0 5 31132 32132
1 5 31284 32284
2 5 31588 32588
0 5 31589 32589
3 5 31741 32741
1 5 32045 33045
0 5 32046 33046
3 5 32350 33350
1 5 32503 33503
2 5 32655 33655
0 5 32806 33806
3 5 32807 33807
1 5 32959 33959
0 5 33263 34263
3 5 33264 34264
1 5 33416 34416
2 5 33568 34568
1 5 33720 34720
0 5 33720 34720
2 5 34025 35025
3 5 34025 35025
0 5 34178 35178
3 5 34482 35482
1 5 34482 35482
0 5 34787 35787
1 5 34939 35939
2 5 35092 36092
1 5 35243 36243
3 5 35244 36244
0 5 35396 36396
2 5 35700 36700
3 5 35701 36701
1 5 35853 36853
0 5 36004 37004
2 5 36005 37005
3 5 36157 37157
1 5 36461 37461
0 5 36461 37461
2 5 36614 37614
1 5 36918 37918
3 5 36919 37919
0 5 37224 38224
3 5 37375 38375
2 5 37527 38527
1 5 37680 38680
0 5 37680 38680
2 5 37832 38832
3 5 37984 38984
0 5 38289 39289
3 5 38593 39593
2 5 38593 39593
0 5 39812 40812
2 5 40268 41268
2 5 40573 41573
1 5 41030 42030
1 5 41487 42487
3 5 41639 42639
0 5 41944 42944
1 5 42096 43096
2 5 42248 43248
1 5 42705 43705
1 5 43010 44010
3 5 43466 44466
3 5 43923 44923
0 5 44076 45076
2 5 44228 45228
1 5 44380 45380
3 5 44532 45532
0 5 44685 45685
2 5 45141 46141
2 5 45446 46446
1 5 45903 46903
1 5 46360 47360
3 5 46512 47512
0 5 46817 47817
1 5 46969 47969
2 5 47121 48121
1 5 47578 48578
1 5 47883 48883
3 5 48339 49339
3 5 48796 49796
0 5 48949 49949
2 5 49101 50101
1 5 49253 50253
3 5 49405 50405
0 5 49558 50558
1 5 49558 50558
2 5 49862 50862
3 5 49862 50862
1 5 50015 51015
1 5 50319 51319
3 5 50471 51471
2 5 50471 51471
0 5 50776 51776
1 5 50928 51928
2 5 51081 52081
3 5 51081 52081
1 5 51537 52537
3 5 51690 52690
2 5 51690 52690
0 5 51994 52994
3 5 52299 53299
2 5 52299 53299
1 5 52451 53451
2 5 52756 53756
0 5 52908 53908
1 5 52908 53908
3 5 53213 54213
2 5 53365 54365
1 5 53517 54517
0 5 53517 54517
3 5 53974 54974
0 5 54126 55126
1 5 54126 55126
2 5 54431 55431
0 5 54735 55735
1 5 54735 55735
3 5 54888 55888
3 5 55192 56192
1 5 55345 56345
0 5 55345 56345
2 5 55649 56649
1 5 55801 56801
0 5 55954 56954
3 5 55954 56954
3 5 56411 57411
0 5 56563 57563
1 5 56563 57563
1 5 56867 57867
3 5 57172 58172
2 5 57172 58172
0 5 57324 58324
0 5 57629 58629
2 5 57781 58781
3 5 57781 58781
1 5 58086 59086
2 5 58238 59238
3 5 58390 59390
0 5 58390 59390
0 5 58695 59695
2 5 58999 59999
1 5 59304 60304
0 5 59304 60304
1 5 60218 61218
2 5 60370 61370
3 5 60522 61522
2 5 60979 61979
1 5 61436 62436
3 5 61740 62740
0 5 62197 63197
1 5 62654 63654
2 5 62959 63959
2 5 63568 64568
1 5 63872 64872
3 5 64177 65177
0 5 65091 66091
1 5 65243 66243
2 5 65395 66395
1 5 65852 66852
0 5 66309 67309
3 5 66614 67614
1 5 67070 68070
2 5 67527 68527
3 5 67832 68832
1 5 68441 69441
2 5 68746 69746
0 5 69050 70050
3 5 69050 70050
3 5 69659 70659
1 5 69964 70964
2 5 70116 71116
3 5 70268 71268
0 5 70573 71573
2 5 70725 71725
1 5 70878 71878
0 5 71182 72182
3 5 71486 72486
1 5 71791 72791
0 5 71943 72943
2 5 72096 73096
1 5 72400 73400
2 5 72553 73553
0 5 72705 73705
3 5 73010 74010
2 5 73314 74314
1 5 73618 74618
3 5 73923 74923
0 5 74228 75228
2 5 74532 75532
0 5 74837 75837
1 5 74989 75989
2 5 75141 76141
3 5 75446 76446
1 5 75598 76598
2 5 75751 76751
0 5 76055 77055
3 5 76360 77360
0 5 76664 77664
1 5 76816 77816
2 5 76969 77969
1 5 77273 78273
3 5 77426 78426
0 5 77578 78578
2 5 77883 78883
1 5 78187 79187
2 5 78492 79492
0 5 78796 79796
3 5 78796 79796
2 5 79101 80101
3 5 79101 80101
1 5 79254 80254
1 5 79558 80558
3 5 79710 80710
2 5 79710 80710
0 5 80015 81015
1 5 80167 81167
3 5 80319 81319
2 5 80320 81320
1 5 80776 81776
2 5 80928 81928
3 5 80929 81929
0 5 81233 82233
2 5 81537 82537
3 5 81538 82538
1 5 81690 82690
2 5 81995 82995
0 5 82147 83147
1 5 82147 83147
3 5 82452 83452
2 5 82604 83604
1 5 82756 83756
0 5 82756 83756
3 5 83213 84213
0 5 83365 84365
1 5 83365 84365
2 5 83670 84670
0 5 83974 84974
1 5 83974 84974
3 5 84127 85127
3 5 84431 85431
0 5 84583 85583
1 5 84584 85584
2 5 84888 85888
1 5 85040 86040
3 5 85192 86192
0 5 85193 86193
3 5 85650 86650
1 5 85801 86801
0 5 85802 86802
2 5 86106 87106
2 5 86411 87411
0 5 86715 87715
3 5 86868 87868
3 5 87172 88172
0 5 87325 88325
1 5 87477 88477
2 5 87629 88629
3 5 87781 88781
0 5 87934 88934
2 5 88238 89238
3 5 88543 89543
0 5 88543 89543
1 5 88847 89847
0 5 88847 89847
3 5 89000 90000
0 5 89304 90304
2 5 89304 90304
3 5 89609 90609
2 5 89761 90761
1 5 89913 90913
2 5 90065 91065
0 5 90066 91066
3 5 90218 91218
0 5 90522 91522
1 5 90523 91523
3 5 90675 91675
0 5 90827 91827
2 5 90827 91827
1 5 90979 91979
0 5 91284 92284
2 5 91284 92284
3 5 91436 92436
1 5 91740 92740
0 5 91741 92741
3 5 92045 93045
1 5 92198 93198
2 5 92350 93350
3 5 92502 93502
0 5 92502 93502
1 5 92654 93654
0 5 92959 93959
2 5 92959 93959
3 5 93111 94111
1 5 93263 94263
2 5 93416 94416
3 5 93416 94416
3 5 93720 94720
1 5 93720 94720
0 5 93873 94873
2 5 94177 95177
3 5 94177 95177
0 5 94482 95482
1 5 94634 95634
2 5 94787 95787
1 5 94938 95938
3 5 94939 95939
0 5 95091 96091
2 5 95395 96395
3 5 95396 96396
1 5 95548 96548
2 5 95700 96700
0 5 95700 96700
3 5 95852 96852
1 5 96157 97157
0 5 96157 97157
3 5 96309 97309
2 5 96614 97614
0 5 96614 97614
1 5 96918 97918
2 5 97071 98071
1 5 97223 98223
3 5 97375 98375
0 5 97375 98375
2 5 97527 98527
0 5 97832 98832
1 5 97832 98832
2 5 97984 98984
3 5 98136 99136
0 5 98289 99289
1 5 98289 99289
3 5 98593 99593
2 5 98594 99594
0 5 98747 99747
1 5 99050 100050
3 5 99051 100051
0 5 99356 100356
1 5 99508 100508
2 5 99660 100660
1 5 99812 100812
3 5 99813 100813
0 5 99965 100965
3 5 100268 101268
2 5 100270 101270
0 5 100422 101422
1 5 100573 101573
3 5 100574 101574
2 5 100725 101725
1 5 101030 102030
3 5 101031 102031
0 5 101183 102183
2 5 101487 102487
3 5 101488 102488
1 5 101639 102639
0 5 101791 102791
3 5 101944 102944
0 5 102248 103248
3 5 102553 103553
2 5 102553 103553
1 5 102781 103781
0 5 102781 103781
2 5 103010 104010
3 5 103010 104010
0 5 103162 104162
1 5 103162 104162
0 5 103466 104466
3 5 103466 104466
1 5 103619 104619
2 5 103923 104923
3 5 103924 104924
0 5 104229 105229
1 5 104381 105381
2 5 104534 105534
1 5 104685 105685
3 5 104686 105686
0 5 104838 105838
2 5 105141 106141
3 5 105143 106143
1 5 105295 106295
0 5 105446 106446
2 5 105447 106447
3 5 105598 106598
0 5 105903 106903
1 5 105903 106903
2 5 106055 107055
1 5 106360 107360
3 5 106361 107361
0 5 106666 107666
3 5 106817 107817
1 5 107121 108121
2 5 107426 108426
0 5 107730 108730
1 5 108035 109035
3 5 108035 109035
2 5 108339 109339
3 5 108339 109339
0 5 108492 109492
3 5 108796 109796
1 5 108796 109796
0 5 109101 110101
1 5 109253 110253
2 5 109405 110405
3 5 109558 110558
0 5 109558 110558
1 5 109710 110710
2 5 110015 111015
3 5 110015 111015
0 5 110167 111167
3 5 110319 111319
1 5 110319 111319
2 5 110471 111471
3 5 110776 111776
1 5 110776 111776
0 5 110928 111928
3 5 111233 112233
2 5 111233 112233
0 5 111537 112537
2 5 111690 112690
1 5 111842 112842
0 5 111994 112994
2 5 111994 112994
3 5 112147 113147
3 5 112451 113451
2 5 112451 113451
1 5 112603 113603
0 5 112756 113756
2 5 112908 113908
3 5 112908 113908
1 5 113213 114213
0 5 113213 114213
3 5 113365 114365
0 5 113669 114669
2 5 113669 114669
3 5 113974 114974
2 5 114126 115126
1 5 114279 115279
0 5 114431 115431
2 5 114431 115431
3 5 114583 115583
0 5 114888 115888
1 5 114888 115888
2 5 115040 116040
1 5 115192 116192
3 5 115192 116192
0 5 115345 116345
0 5 115649 116649
1 5 115649 116649
2 5 115801 116801
0 5 116106 117106
3 5 116106 117106
2 5 116411 117411
0 5 116563 117563
1 5 116715 117715
2 5 116867 117867
3 5 116867 117867
0 5 117020 118020
3 5 117324 118324
1 5 117324 118324
2 5 117477 118477
0 5 117629 118629
3 5 117781 118781
2 5 117781 118781
1 5 118086 119086
0 5 118086 119086
3 5 118239 119239
0 5 118543 119543
2 5 118543 119543
3 5 118848 119848
2 5 119000 120000
1 5 119152 120152
2 5 119304 120304
0 5 119305 120305
3 5 119457 120457
0 5 119761 120761
1 5 119762 120762
3 5 119914 120914
2 5 120065 121065
0 5 120066 121066
1 5 120218 121218
2 5 120522 121522
0 5 120523 121523
3 5 120675 121675
1 5 120979 121979
0 5 120980 121980
3 5 121284 122284
1 5 121437 122437
2 5 121589 122589
0 5 121740 122740
3 5 121741 122741
1 5 121893 122893
1 5 122197 123197
0 5 122198 123198
2 5 122350 123350
3 5 122502 123502
1 5 122654 123654
0 5 122654 123654
3 5 122959 123959
2 5 122959 123959
0 5 123112 124112
3 5 123416 124416
1 5 123416 124416
0 5 123721 124721
1 5 123873 124873
2 5 124026 125026
1 5 124177 125177
3 5 124178 125178
0 5 124330 125330
2 5 124634 125634
3 5 124635 125635
1 5 124787 125787
0 5 124938 125938
2 5 124939 125939
3 5 125091 126091
0 5 125395 126395
1 5 125395 126395
2 5 125548 126548
1 5 125852 126852
3 5 125853 126853
0 5 126158 127158
3 5 126309 127309
2 5 126461 127461
1 5 126614 127614
0 5 126614 127614
2 5 126766 127766
3 5 126918 127918
0 5 127223 128223
3 5 127527 128527
0 5 127680 128680
1 5 127832 128832
2 5 127984 128984
0 5 128289 129289
3 5 128593 129593
1 5 128898 129898
2 5 129050 130050
3 5 129202 130202
0 5 129507 130507
1 5 129659 130659
2 5 129812 130812
3 5 129964 130964
1 5 130116 131116
0 5 130268 131268
2 5 130421 131421
1 5 130725 131725
3 5 131030 132030
0 5 131334 132334
1 5 131487 132487
2 5 131639 132639
1 5 131944 132944
2 5 132096 133096
3 5 132248 133248
0 5 132400 133400
2 5 132857 133857
1 5 133162 134162
3 5 133466 134466
0 5 133771 134771
1 5 133923 134923
2 5 134076 135076
1 5 134837 135837
3 5 135446 136446
1 5 136055 137055
2 5 136664 137664
0 5 137273 138273
