Princess of Winter
HyuN
Novice
89466
1 5 65 1065
2 5 370 1370
0 5 674 1674
1 5 979 1979
3 5 1284 2284
1 5 1740 2740
2 5 2045 3045
0 5 2502 3502
3 5 2806 3806
2 5 3111 4111
1 5 3416 4416
3 5 3720 4720
0 5 4177 5177
2 5 4482 5482
1 5 4938 5938
3 5 5243 6243
2 5 5548 6548
0 5 5852 6852
1 5 6157 7157
2 5 6614 7614
0 5 6918 7918
3 5 7375 8375
1 5 7680 8680
2 5 7984 8984
3 5 8289 9289
0 5 8593 9593
2 5 9050 10050
0 5 9355 10355
3 5 9659 10659
1 5 9964 10964
2 5 10421 11421
2 5 10878 11878
0 5 11182 12182
3 5 11791 12791
1 5 12400 13400
2 5 12857 13857
2 5 13314 14314
0 5 13619 14619
3 5 14228 15228
1 5 14532 15532
2 5 14837 15837
0 5 15294 16294
0 5 15751 16751
3 5 16055 17055
1 5 16664 17664
2 5 16969 17969
3 5 17273 18273
0 5 17426 18426
3 5 17883 18883
0 5 18187 19187
2 5 18492 19492
0 5 18796 19796
3 5 19101 20101
2 5 19101 20101
0 5 19405 20405
1 5 19710 20710
2 5 20015 21015
3 5 20319 21319
1 5 20624 21624
2 5 20928 21928
0 5 21233 22233
1 5 21537 22537
2 5 21842 22842
0 5 22147 23147
3 5 22451 23451
2 5 22756 23756
1 5 23060 24060
3 5 23365 24365
0 5 23669 24669
1 5 23822 24822
2 5 23974 24974
3 5 23974 24974
1 5 24279 25279
2 5 24583 25583
3 5 24888 25888
0 5 25192 26192
2 5 25497 26497
1 5 25801 26801
3 5 26106 27106
0 5 26411 27411
1 5 26715 27715
2 5 27020 28020
3 5 27324 28324
1 5 27629 28629
2 5 27933 28933
0 5 28238 29238
3 5 28543 29543
2 5 28695 29695
1 5 28847 29847
0 5 28847 29847
3 5 29152 30152
2 5 29456 30456
1 5 29761 30761
0 5 30065 31065
2 5 30370 31370
1 5 30674 31674
3 5 30979 31979
2 5 31284 32284
1 5 31588 32588
0 5 31893 32893
3 5 32197 33197
1 5 32502 33502
2 5 32806 33806
0 5 33111 34111
3 5 33416 34416
2 5 33568 34568
1 5 33720 34720
0 5 33720 34720
2 5 34025 35025
1 5 34329 35329
0 5 34634 35634
3 5 34938 35938
1 5 35243 36243
2 5 35548 36548
0 5 35852 36852
1 5 36157 37157
2 5 36461 37461
3 5 36766 37766
0 5 37070 38070
3 5 37375 38375
0 5 37527 38527
1 5 37680 38680
2 5 37832 38832
3 5 37984 38984
0 5 38289 39289
3 5 38593 39593
1 5 39812 40812
2 5 40268 41268
2 5 40573 41573
0 5 41030 42030
0 5 41487 42487
3 5 41639 42639
1 5 41944 42944
2 5 42096 43096
3 5 42248 43248
0 5 42705 43705
0 5 43010 44010
2 5 43466 44466
2 5 43923 44923
1 5 44076 45076
3 5 44380 45380
2 5 44532 45532
1 5 44685 45685
3 5 45141 46141
3 5 45446 46446
0 5 45903 46903
0 5 46360 47360
2 5 46512 47512
1 5 46817 47817
0 5 46969 47969
3 5 47121 48121
1 5 47578 48578
1 5 47883 48883
2 5 48339 49339
2 5 48796 49796
0 5 48949 49949
3 5 49253 50253
2 5 49405 50405
1 5 49558 50558
0 5 49558 50558
3 5 49862 50862
0 5 50015 51015
0 5 50319 51319
2 5 50471 51471
1 5 50776 51776
2 5 50928 51928
3 5 51081 52081
2 5 51537 52537
0 5 51690 52690
3 5 51994 52994
0 5 52299 53299
2 5 52451 53451
2 5 52756 53756
0 5 52908 53908
3 5 53213 54213
2 5 53365 54365
1 5 53517 54517
0 5 53974 54974
2 5 54126 55126
3 5 54431 55431
0 5 54735 55735
2 5 54888 55888
2 5 55192 56192
0 5 55345 56345
3 5 55649 56649
2 5 55801 56801
1 5 55954 56954
0 5 56411 57411
2 5 56563 57563
1 5 56867 57867
3 5 57172 58172
0 5 57324 58324
0 5 57629 58629
3 5 57781 58781
2 5 58086 59086
1 5 58238 59238
0 5 58390 59390
3 5 58695 59695
0 5 58999 59999
2 5 59304 60304
3 5 59304 60304
1 5 60522 61522
2 5 61740 62740
0 5 62959 63959
3 5 64177 65177
1 5 65395 66395
2 5 66614 67614
3 5 67832 68832
1 5 69050 70050
0 5 69050 70050
2 5 70268 71268
1 5 71487 72487
3 5 72705 73705
0 5 73923 74923
2 5 75141 76141
1 5 76360 77360
0 5 77578 78578
2 5 78796 79796
3 5 78796 79796
0 5 79101 80101
3 5 79254 80254
3 5 79558 80558
1 5 79710 80710
2 5 80015 81015
1 5 80167 81167
0 5 80320 81320
1 5 80776 81776
3 5 80929 81929
0 5 81233 82233
3 5 81538 82538
1 5 81690 82690
1 5 81995 82995
3 5 82147 83147
0 5 82452 83452
1 5 82604 83604
2 5 82756 83756
3 5 83213 84213
1 5 83365 84365
0 5 83670 84670
3 5 83974 84974
1 5 84127 85127
1 5 84431 85431
3 5 84584 85584
0 5 84888 85888
1 5 85040 86040
2 5 85193 86193
3 5 85650 86650
1 5 85802 86802
2 5 86106 87106
1 5 86411 87411
0 5 86715 87715
3 5 86868 87868
0 5 87324 88324
3 5 87629 88629
1 5 87933 88933
3 5 88238 89238
2 5 88543 89543
0 5 88543 89543
3 5 88847 89847
1 5 89152 90152
2 5 89456 90456
0 5 89761 90761
1 5 90065 91065
3 5 90370 91370
2 5 90674 91674
1 5 90979 91979
0 5 91284 92284
2 5 91588 92588
1 5 91893 92893
3 5 92197 93197
2 5 92502 93502
0 5 92806 93806
1 5 93111 94111
2 5 93263 94263
3 5 93416 94416
0 5 93416 94416
1 5 93720 94720
2 5 94025 95025
0 5 94329 95329
3 5 94634 95634
2 5 94938 95938
1 5 95243 96243
3 5 95548 96548
0 5 95852 96852
2 5 96157 97157
1 5 96461 97461
3 5 96766 97766
2 5 97070 98070
0 5 97375 98375
1 5 97680 98680
3 5 97984 98984
2 5 98136 99136
1 5 98289 99289
0 5 98289 99289
3 5 98593 99593
1 5 98898 99898
2 5 99202 100202
0 5 99507 100507
1 5 99812 100812
3 5 100116 101116
2 5 100421 101421
1 5 100725 101725
3 5 101030 102030
0 5 101334 102334
1 5 101639 102639
2 5 101791 102791
0 5 101944 102944
1 5 101944 102944
2 5 102248 103248
3 5 102248 103248
0 5 102553 103553
1 5 102781 103781
2 5 103010 104010
3 5 103162 104162
0 5 103162 104162
1 5 103466 104466
2 5 103771 104771
0 5 104076 105076
3 5 104380 105380
2 5 104685 105685
1 5 104989 105989
0 5 105294 106294
2 5 105598 106598
1 5 105903 106903
3 5 106207 107207
0 5 106512 107512
3 5 106817 107817
0 5 107426 108426
3 5 108035 109035
2 5 108035 109035
0 5 108339 109339
1 5 108644 109644
2 5 108949 109949
3 5 109253 110253
1 5 109558 110558
2 5 109862 110862
0 5 110167 111167
1 5 110471 111471
2 5 110776 111776
0 5 111081 112081
3 5 111385 112385
2 5 111690 112690
1 5 111994 112994
3 5 112299 113299
0 5 112603 113603
1 5 112756 113756
2 5 112908 113908
3 5 112908 113908
1 5 113213 114213
2 5 113517 114517
3 5 113822 114822
0 5 114126 115126
2 5 114431 115431
1 5 114735 115735
3 5 115040 116040
0 5 115345 116345
1 5 115649 116649
2 5 115954 116954
3 5 116258 117258
1 5 116563 117563
2 5 116867 117867
0 5 117172 118172
3 5 117477 118477
2 5 117629 118629
1 5 117781 118781
0 5 117781 118781
3 5 118086 119086
2 5 118390 119390
1 5 118695 119695
0 5 118999 119999
2 5 119304 120304
1 5 119608 120608
3 5 119913 120913
2 5 120218 121218
1 5 120522 121522
0 5 120827 121827
3 5 121131 122131
1 5 121436 122436
2 5 121740 122740
0 5 122045 123045
3 5 122350 123350
2 5 122502 123502
1 5 122654 123654
0 5 122654 123654
2 5 122959 123959
1 5 123263 124263
0 5 123568 124568
3 5 123872 124872
1 5 124177 125177
2 5 124482 125482
0 5 124786 125786
1 5 125091 126091
2 5 125395 126395
3 5 125700 126700
0 5 126004 127004
3 5 126309 127309
0 5 126461 127461
1 5 126614 127614
2 5 126766 127766
3 5 126918 127918
0 5 127223 128223
3 5 127527 128527
1 5 127984 128984
2 5 128289 129289
0 5 128593 129593
1 5 128898 129898
3 5 129203 130203
1 5 129659 130659
2 5 129964 130964
0 5 130421 131421
3 5 130725 131725
2 5 131030 132030
1 5 131335 132335
3 5 131639 132639
0 5 132096 133096
2 5 132401 133401
1 5 132857 133857
3 5 133466 134466
0 5 134076 135076
2 5 134837 135837
0 5 135446 136446
1 5 136055 137055
2 5 136664 137664
0 5 137273 138273
