Disorder
HyuN feat. Yuri
Beginner
11749
2 5 853 1853
1 5 2097 3097
0 5 3340 4340
3 5 4584 5584
2 5 5827 6827
1 5 7071 8071
2 5 10801 11801
3 5 10801 11801
0 5 11112 12112
2 5 11734 12734
1 5 12356 13356
3 5 12977 13977
2 5 13599 14599
1 5 14221 15221
0 5 14843 15843
3 5 15464 16464
0 5 15775 16775
1 5 15775 16775
3 5 16086 17086
1 5 16708 17708
2 5 17330 18330
0 5 17951 18951
1 5 18573 19573
2 5 19195 20195
3 5 19817 20817
0 5 20439 21439
2 5 20749 21749
3 5 20749 21749
1 5 21216 22216
2 5 21682 22682
1 5 22148 23148
3 5 22615 23615
2 5 22926 23926
1 5 23236 24236
2 5 23703 24703
1 5 24169 25169
2 5 24635 25635
0 5 25102 26102
1 5 25413 26413
2 5 25723 26723
3 5 25723 26723
0 5 26034 27034
1 5 26656 27656
3 5 27278 28278
2 5 27900 28900
1 5 28521 29521
0 5 29143 30143
2 5 29765 30765
1 5 30387 31387
2 5 30698 31698
3 5 30698 31698
0 5 31008 32008
1 5 31630 32630
2 5 32252 33252
3 5 32874 33874
1 5 33496 34496
0 5 34117 35117
2 5 34739 35739
1 5 35361 36361
2 5 35672 36672
3 5 35672 36672
0 5 35983 36983
2 5 36604 37604
1 5 37226 38226
3 5 37848 38848
2 5 38470 39470
1 5 39091 40091
0 5 39713 40713
3 5 40335 41335
1 5 40646 41646
0 5 40646 41646
3 5 40957 41957
1 5 41578 42578
2 5 42200 43200
0 5 42822 43822
1 5 43444 44444
2 5 44065 45065
1 5 44376 45376
0 5 44376 45376
3 5 44687 45687
2 5 44998 45998
0 5 44998 45998
1 5 45309 46309
2 5 45620 46620
3 5 45620 46620
0 5 46086 47086
3 5 46553 47553
0 5 47019 48019
3 5 47485 48485
2 5 47796 48796
1 5 48107 49107
3 5 48573 49573
1 5 49040 50040
3 5 49506 50506
0 5 49972 50972
1 5 50283 51283
2 5 50594 51594
0 5 51060 52060
2 5 51527 52527
0 5 51993 52993
2 5 52459 53459
1 5 52770 53770
0 5 53081 54081
3 5 53547 54547
0 5 54014 55014
3 5 54480 55480
0 5 54946 55946
2 5 55568 56568
3 5 55568 56568
1 5 56034 57034
2 5 56501 57501
1 5 56967 57967
2 5 57433 58433
1 5 57744 58744
0 5 58055 59055
3 5 58521 59521
0 5 58988 59988
3 5 59454 60454
0 5 59920 60920
1 5 60231 61231
2 5 60542 61542
0 5 61008 62008
2 5 61475 62475
0 5 61941 62941
2 5 62407 63407
1 5 62718 63718
0 5 63029 64029
3 5 63651 64651
0 5 64273 65273
3 5 64584 65584
0 5 65516 66516
1 5 65516 66516
2 5 66760 67760
1 5 68003 69003
0 5 69247 70247
3 5 70490 71490
1 5 71734 72734
2 5 72977 73977
3 5 74221 75221
0 5 75464 76464
1 5 75464 76464
3 5 76708 77708
2 5 77951 78951
1 5 79195 80195
0 5 80439 81439
2 5 81682 82682
1 5 82926 83926
3 5 84169 85169
0 5 85413 86413
2 5 86656 87656
1 5 87900 88900
0 5 91008 92008
1 5 91319 92319
2 5 91630 92630
3 5 91630 92630
0 5 91942 92942
1 5 92564 93564
3 5 93186 94186
2 5 93808 94808
1 5 94429 95429
0 5 95051 96051
2 5 95673 96673
1 5 96295 97295
2 5 96606 97606
3 5 96606 97606
0 5 96916 97916
1 5 97538 98538
2 5 98160 99160
3 5 98782 99782
1 5 99404 100404
0 5 100025 101025
2 5 100647 101647
1 5 101269 102269
2 5 101580 102580
3 5 101580 102580
0 5 102200 103200
3 5 102822 103822
1 5 103444 104444
2 5 103755 104755
1 5 104065 105065
0 5 104065 105065
2 5 104378 105378
1 5 104999 105999
0 5 105621 106621
3 5 106243 107243
1 5 106554 107554
0 5 106554 107554
3 5 106865 107865
1 5 107486 108486
2 5 108108 109108
0 5 108730 109730
1 5 109352 110352
2 5 109973 110973
1 5 110284 111284
0 5 110284 111284
3 5 110595 111595
2 5 110906 111906
0 5 110906 111906
1 5 111217 112217
2 5 111528 112528
3 5 111528 112528
0 5 111838 112838
2 5 112460 113460
1 5 113082 114082
3 5 113703 114703
2 5 114325 115325
1 5 114947 115947
0 5 115569 116569
3 5 116190 117190
0 5 116501 117501
1 5 116501 117501
3 5 116812 117812
1 5 117434 118434
2 5 118056 119056
0 5 118677 119677
1 5 119299 120299
2 5 119921 120921
3 5 120543 121543
0 5 121165 122165
2 5 121475 122475
3 5 121475 122475
1 5 121942 122942
2 5 122408 123408
1 5 122874 123874
2 5 123340 124340
1 5 123651 124651
0 5 123962 124962
3 5 124428 125428
0 5 124894 125894
3 5 125361 126361
0 5 125827 126827
1 5 126139 127139
3 5 126760 127760
0 5 126760 127760
