Disorder
HyuN feat. Yuri
Easy
11749
2 5 853 1853
1 5 2097 3097
0 5 3340 4340
3 5 4584 5584
1 5 5827 6827
2 5 7071 8071
0 5 10801 11801
1 5 10801 11801
3 5 11112 12112
1 5 11578 12578
3 5 11734 12734
0 5 12045 13045
1 5 12200 13200
2 5 12356 13356
3 5 12822 13822
1 5 12977 13977
2 5 13288 14288
3 5 13599 14599
0 5 14065 15065
3 5 14221 15221
2 5 14532 15532
1 5 14687 15687
0 5 14843 15843
3 5 15309 16309
0 5 15464 16464
1 5 15620 16620
2 5 15775 16775
3 5 15775 16775
0 5 16086 17086
2 5 16553 17553
0 5 16708 17708
3 5 17019 18019
2 5 17174 18174
1 5 17330 18330
3 5 17796 18796
0 5 17951 18951
1 5 18262 19262
2 5 18573 19573
0 5 19040 20040
3 5 19195 20195
1 5 19506 20506
2 5 19661 20661
3 5 19817 20817
0 5 20283 21283
2 5 20439 21439
1 5 20594 21594
0 5 20749 21749
3 5 20749 21749
3 5 21216 22216
1 5 21682 22682
1 5 22148 23148
2 5 22615 23615
1 5 22926 23926
0 5 23236 24236
0 5 23703 24703
2 5 24169 25169
2 5 24635 25635
1 5 25102 26102
2 5 25413 26413
3 5 25723 26723
0 5 25723 26723
1 5 26034 27034
3 5 26501 27501
1 5 26656 27656
2 5 26967 27967
1 5 27122 28122
0 5 27278 28278
3 5 27744 28744
0 5 27900 28900
1 5 28211 29211
2 5 28521 29521
1 5 28988 29988
3 5 29143 30143
0 5 29454 30454
1 5 29609 30609
2 5 29765 30765
1 5 30231 31231
3 5 30387 31387
2 5 30542 31542
1 5 30698 31698
0 5 30698 31698
3 5 31008 32008
1 5 31475 32475
3 5 31630 32630
0 5 31941 32941
1 5 32097 33097
2 5 32252 33252
0 5 32718 33718
3 5 32874 33874
2 5 33185 34185
1 5 33496 34496
3 5 33962 34962
1 5 34117 35117
2 5 34428 35428
1 5 34584 35584
0 5 34739 35739
3 5 35205 36205
0 5 35361 36361
1 5 35516 36516
3 5 35672 36672
2 5 35672 36672
0 5 35983 36983
3 5 36450 37450
1 5 36605 37605
2 5 36916 37916
1 5 37071 38071
0 5 37227 38227
3 5 37693 38693
0 5 37849 38849
1 5 38160 39160
2 5 38470 39470
1 5 38937 39937
3 5 39092 40092
0 5 39403 40403
1 5 39558 40558
2 5 39714 40714
1 5 40180 41180
3 5 40336 41336
2 5 40491 41491
1 5 40647 41647
0 5 40647 41647
3 5 40957 41957
1 5 41424 42424
3 5 41579 42579
0 5 41890 42890
1 5 42046 43046
2 5 42201 43201
0 5 42667 43667
3 5 42823 43823
2 5 43134 44134
1 5 43445 44445
3 5 43911 44911
1 5 44066 45066
3 5 44376 45376
2 5 44377 45377
1 5 44533 45533
0 5 44688 45688
3 5 44998 45998
2 5 44998 45998
0 5 45154 46154
1 5 45309 46309
2 5 45465 46465
3 5 45620 46620
0 5 45621 46621
3 5 46086 47086
0 5 46553 47553
0 5 47019 48019
3 5 47485 48485
2 5 47796 48796
1 5 48107 49107
1 5 48573 49573
3 5 49040 50040
3 5 49506 50506
0 5 49972 50972
3 5 50283 51283
0 5 50594 51594
0 5 51060 52060
3 5 51527 52527
3 5 51993 52993
0 5 52459 53459
1 5 52770 53770
2 5 53081 54081
2 5 53547 54547
0 5 54014 55014
0 5 54480 55480
3 5 54946 55946
0 5 55568 56568
1 5 55568 56568
1 5 56034 57034
3 5 56501 57501
3 5 56967 57967
0 5 57433 58433
1 5 57744 58744
2 5 58055 59055
2 5 58521 59521
0 5 58988 59988
0 5 59454 60454
3 5 59920 60920
0 5 60231 61231
3 5 60542 61542
3 5 61008 62008
1 5 61475 62475
1 5 61941 62941
3 5 62407 63407
2 5 62718 63718
0 5 63029 64029
1 5 63340 64340
2 5 63651 64651
3 5 63962 64962
0 5 64273 65273
3 5 64584 65584
0 5 65516 66516
1 5 65516 66516
3 5 65827 66827
2 5 66138 67138
0 5 66449 67449
1 5 66760 67760
2 5 67071 68071
3 5 67382 68382
3 5 68314 69314
2 5 68625 69625
1 5 68936 69936
2 5 69247 70247
3 5 69558 70558
0 5 69869 70869
2 5 70801 71801
1 5 71112 72112
0 5 71423 72423
3 5 71734 72734
1 5 72045 73045
2 5 72356 73356
0 5 72666 73666
3 5 72977 73977
1 5 73599 74599
2 5 73910 74910
0 5 74221 75221
3 5 74532 75532
0 5 74843 75843
2 5 75464 76464
3 5 75464 76464
1 5 76086 77086
3 5 76397 77397
1 5 76708 77708
2 5 77019 78019
0 5 77641 78641
3 5 77951 78951
0 5 78418 79418
2 5 78884 79884
1 5 79195 80195
3 5 80749 81749
2 5 81060 82060
1 5 81371 82371
3 5 81682 82682
0 5 81993 82993
1 5 82304 83304
2 5 82615 83615
3 5 82926 83926
1 5 83547 84547
2 5 83858 84858
0 5 84169 85169
3 5 84480 85480
0 5 84791 85791
3 5 85413 86413
2 5 86656 87656
1 5 87900 88900
0 5 91008 92008
1 5 91319 92319
2 5 91630 92630
3 5 91630 92630
0 5 91941 92941
3 5 92409 93409
1 5 92564 93564
2 5 92875 93875
1 5 93030 94030
0 5 93186 94186
3 5 93652 94652
0 5 93808 94808
1 5 94119 95119
2 5 94429 95429
1 5 94896 95896
3 5 95051 96051
0 5 95362 96362
1 5 95517 96517
2 5 95673 96673
1 5 96139 97139
3 5 96295 97295
2 5 96450 97450
1 5 96606 97606
0 5 96606 97606
3 5 96916 97916
1 5 97383 98383
3 5 97538 98538
0 5 97849 98849
1 5 98005 99005
2 5 98160 99160
0 5 98626 99626
3 5 98782 99782
2 5 99093 100093
1 5 99404 100404
3 5 99870 100870
1 5 100025 101025
2 5 100336 101336
1 5 100492 101492
0 5 100647 101647
3 5 101113 102113
0 5 101269 102269
1 5 101424 102424
3 5 101580 102580
2 5 101580 102580
0 5 102200 103200
3 5 102511 103511
1 5 102822 103822
2 5 103055 104055
1 5 103288 104288
3 5 103444 104444
0 5 103755 104755
2 5 104065 105065
3 5 104065 105065
0 5 104376 105376
2 5 104843 105843
1 5 104998 105998
0 5 105311 106311
1 5 105466 106466
2 5 105622 106622
1 5 106088 107088
3 5 106244 107244
2 5 106399 107399
1 5 106555 107555
0 5 106555 107555
3 5 106865 107865
1 5 107332 108332
3 5 107487 108487
0 5 107798 108798
1 5 107954 108954
2 5 108109 109109
0 5 108575 109575
3 5 108731 109731
2 5 109042 110042
1 5 109353 110353
3 5 109819 110819
1 5 109974 110974
3 5 110284 111284
2 5 110285 111285
1 5 110441 111441
0 5 110596 111596
3 5 110906 111906
2 5 110906 111906
0 5 111062 112062
1 5 111217 112217
2 5 111373 112373
3 5 111528 112528
0 5 111529 112529
1 5 111837 112837
2 5 112304 113304
0 5 112460 113460
3 5 112771 113771
2 5 112926 113926
1 5 113082 114082
0 5 113548 114548
2 5 113703 114703
1 5 114014 115014
0 5 114325 115325
3 5 114791 115791
0 5 114947 115947
1 5 115258 116258
2 5 115413 116413
3 5 115569 116569
0 5 116035 117035
3 5 116190 117190
2 5 116346 117346
1 5 116501 117501
0 5 116501 117501
3 5 116812 117812
1 5 117279 118279
3 5 117434 118434
0 5 117745 118745
1 5 117900 118900
2 5 118056 119056
0 5 118522 119522
3 5 118677 119677
2 5 118988 119988
1 5 119299 120299
3 5 119766 120766
0 5 119921 120921
2 5 120232 121232
1 5 120387 121387
0 5 120543 121543
3 5 121009 122009
1 5 121165 122165
2 5 121320 122320
3 5 121475 122475
0 5 121475 122475
1 5 121786 122786
2 5 121941 122941
1 5 122252 123252
2 5 122407 123407
3 5 122718 123718
0 5 122874 123874
3 5 123185 124185
0 5 123340 124340
1 5 123651 124651
2 5 123962 124962
2 5 124428 125428
0 5 124894 125894
0 5 125361 126361
2 5 125827 126827
1 5 126138 127138
3 5 126760 127760
2 5 126760 127760
0 5 126915 127915
1 5 127071 128071
2 5 127226 128226
0 5 128003 129003
2 5 128159 129159
1 5 128314 129314
3 5 128470 129470
