Disorder
HyuN feat. Yuri
Expert
11749
1 5 76 1076
0 5 231 1231
0 5 853 1853
1 5 853 1853
3 5 1008 2008
2 5 1164 2164
1 5 1319 2319
0 5 1475 2475
0 5 2097 3097
2 5 2097 3097
3 5 2252 3252
2 5 2407 3407
1 5 2563 3563
0 5 2718 3718
0 5 3340 4340
1 5 3340 4340
3 5 3496 4496
2 5 3651 4651
1 5 3806 4806
0 5 3962 4962
1 5 4584 5584
2 5 4584 5584
3 5 4739 5739
2 5 4894 5894
1 5 5050 6050
0 5 5205 6205
0 5 5827 6827
2 5 5827 6827
3 5 5983 6983
2 5 6138 7138
1 5 6293 7293
0 5 6449 7449
0 5 7071 8071
1 5 7071 8071
3 5 7226 8226
2 5 7382 8382
1 5 7537 8537
0 5 7692 8692
0 5 10801 11801
1 5 10801 11801
3 5 10801 11801
1 5 10957 11957
0 5 11112 12112
2 5 11112 12112
3 5 11112 12112
0 5 11268 12268
1 5 11268 12268
3 5 11345 12345
1 5 11423 12423
2 5 11501 12501
3 5 11578 12578
0 5 11578 12578
0 5 11734 12734
1 5 11734 12734
2 5 11734 12734
3 5 11889 12889
2 5 11967 12967
1 5 12045 13045
0 5 12045 13045
0 5 12200 13200
1 5 12200 13200
2 5 12278 13278
3 5 12356 13356
1 5 12356 13356
0 5 12356 13356
2 5 12511 13511
0 5 12589 13589
3 5 12666 13666
2 5 12666 13666
1 5 12744 13744
0 5 12822 13822
3 5 12822 13822
1 5 12977 13977
2 5 12977 13977
3 5 12977 13977
0 5 13055 14055
2 5 13133 14133
1 5 13211 14211
0 5 13288 14288
3 5 13288 14288
0 5 13444 14444
1 5 13444 14444
2 5 13521 14521
1 5 13599 14599
0 5 13599 14599
3 5 13599 14599
2 5 13755 14755
1 5 13832 14832
0 5 13910 14910
2 5 13910 14910
3 5 13988 14988
1 5 14065 15065
0 5 14065 15065
2 5 14221 15221
3 5 14221 15221
1 5 14221 15221
0 5 14376 15376
1 5 14454 15454
2 5 14532 15532
3 5 14532 15532
1 5 14687 15687
0 5 14687 15687
2 5 14765 15765
0 5 14843 15843
1 5 14843 15843
3 5 14843 15843
2 5 14920 15920
1 5 14998 15998
3 5 14998 15998
0 5 15076 16076
2 5 15154 16154
3 5 15154 16154
1 5 15231 16231
0 5 15309 16309
3 5 15309 16309
2 5 15387 16387
0 5 15464 16464
1 5 15464 16464
3 5 15464 16464
2 5 15542 16542
3 5 15620 16620
0 5 15620 16620
1 5 15698 16698
0 5 15775 16775
2 5 15775 16775
3 5 15775 16775
2 5 15931 16931
3 5 16086 17086
1 5 16086 17086
0 5 16086 17086
3 5 16242 17242
2 5 16242 17242
0 5 16319 17319
2 5 16397 17397
1 5 16475 17475
0 5 16552 17552
3 5 16552 17552
3 5 16708 17708
2 5 16708 17708
1 5 16708 17708
0 5 16863 17863
1 5 16941 17941
2 5 17019 18019
3 5 17019 18019
3 5 17174 18174
2 5 17174 18174
1 5 17252 18252
0 5 17330 18330
2 5 17330 18330
3 5 17330 18330
1 5 17485 18485
3 5 17563 18563
0 5 17640 18640
1 5 17640 18640
2 5 17718 18718
3 5 17796 18796
0 5 17796 18796
2 5 17951 18951
1 5 17951 18951
0 5 17951 18951
3 5 18029 19029
1 5 18107 19107
2 5 18185 19185
3 5 18262 19262
0 5 18262 19262
2 5 18418 19418
3 5 18418 19418
1 5 18495 19495
2 5 18573 19573
3 5 18573 19573
0 5 18573 19573
1 5 18729 19729
2 5 18806 19806
3 5 18884 19884
1 5 18884 19884
0 5 18962 19962
2 5 19039 20039
3 5 19039 20039
1 5 19195 20195
0 5 19195 20195
2 5 19195 20195
3 5 19350 20350
2 5 19428 20428
1 5 19506 20506
0 5 19506 20506
2 5 19661 20661
3 5 19661 20661
1 5 19739 20739
3 5 19817 20817
2 5 19817 20817
0 5 19817 20817
1 5 19894 20894
2 5 19972 20972
0 5 19972 20972
3 5 20050 21050
1 5 20128 21128
0 5 20128 21128
3 5 20205 21205
2 5 20283 21283
0 5 20283 21283
1 5 20361 21361
3 5 20438 21438
2 5 20438 21438
0 5 20439 21439
1 5 20516 21516
0 5 20594 21594
3 5 20594 21594
3 5 20749 21749
1 5 20749 21749
0 5 20749 21749
2 5 20749 21749
2 5 20905 21905
0 5 20905 21905
3 5 21060 22060
1 5 21060 22060
0 5 21216 22216
1 5 21216 22216
2 5 21216 22216
3 5 21216 22216
0 5 21371 22371
3 5 21371 22371
2 5 21527 22527
1 5 21527 22527
0 5 21682 22682
2 5 21682 22682
3 5 21682 22682
1 5 21682 22682
1 5 21837 22837
3 5 21837 22837
2 5 21993 22993
0 5 21993 22993
1 5 22148 23148
3 5 22148 23148
2 5 22148 23148
0 5 22148 23148
1 5 22304 23304
0 5 22304 23304
2 5 22459 23459
3 5 22459 23459
1 5 22615 23615
0 5 22615 23615
3 5 22615 23615
2 5 22615 23615
0 5 22770 23770
1 5 22770 23770
3 5 22770 23770
0 5 22926 23926
2 5 22926 23926
3 5 22926 23926
1 5 22926 23926
3 5 23081 24081
2 5 23081 24081
0 5 23081 24081
1 5 23236 24236
0 5 23236 24236
3 5 23236 24236
2 5 23236 24236
2 5 23392 24392
0 5 23392 24392
3 5 23547 24547
1 5 23547 24547
0 5 23703 24703
1 5 23703 24703
2 5 23703 24703
3 5 23703 24703
0 5 23858 24858
3 5 23858 24858
2 5 24014 25014
1 5 24014 25014
0 5 24169 25169
2 5 24169 25169
3 5 24169 25169
1 5 24169 25169
1 5 24324 25324
3 5 24324 25324
2 5 24480 25480
0 5 24480 25480
1 5 24635 25635
3 5 24635 25635
2 5 24635 25635
0 5 24635 25635
1 5 24791 25791
0 5 24791 25791
2 5 24946 25946
3 5 24946 25946
1 5 25102 26102
0 5 25102 26102
3 5 25102 26102
2 5 25179 26179
0 5 25257 26257
1 5 25257 26257
3 5 25335 26335
0 5 25413 26413
2 5 25413 26413
1 5 25413 26413
3 5 25490 26490
1 5 25568 26568
0 5 25568 26568
2 5 25646 26646
1 5 25723 26723
0 5 25723 26723
3 5 25723 26723
3 5 25879 26879
2 5 26034 27034
1 5 26034 27034
0 5 26034 27034
0 5 26190 27190
1 5 26268 27268
2 5 26345 27345
3 5 26345 27345
1 5 26501 27501
0 5 26501 27501
2 5 26578 27578
0 5 26656 27656
1 5 26656 27656
3 5 26656 27656
2 5 26734 27734
3 5 26812 27812
0 5 26812 27812
2 5 26967 27967
1 5 26967 27967
1 5 27122 28122
0 5 27122 28122
2 5 27200 28200
1 5 27278 28278
0 5 27278 28278
3 5 27278 28278
2 5 27433 28433
3 5 27433 28433
1 5 27511 28511
0 5 27589 28589
3 5 27589 28589
0 5 27744 28744
1 5 27744 28744
2 5 27822 28822
0 5 27900 28900
3 5 27900 28900
1 5 27900 28900
3 5 27977 28977
0 5 28055 29055
1 5 28055 29055
2 5 28133 29133
3 5 28211 29211
0 5 28211 29211
1 5 28366 29366
2 5 28444 29444
0 5 28521 29521
1 5 28521 29521
3 5 28521 29521
2 5 28677 29677
0 5 28755 29755
1 5 28832 29832
3 5 28832 29832
2 5 28910 29910
1 5 28988 29988
0 5 28988 29988
2 5 29065 30065
3 5 29143 30143
1 5 29143 30143
0 5 29143 30143
2 5 29221 30221
0 5 29299 30299
1 5 29376 30376
2 5 29454 30454
3 5 29454 30454
0 5 29609 30609
1 5 29609 30609
3 5 29687 30687
0 5 29765 30765
1 5 29765 30765
2 5 29765 30765
3 5 29843 30843
1 5 29920 30920
2 5 29998 30998
3 5 30076 31076
0 5 30076 31076
1 5 30154 31154
2 5 30231 31231
3 5 30231 31231
1 5 30309 31309
3 5 30387 31387
2 5 30387 31387
0 5 30387 31387
1 5 30464 31464
0 5 30542 31542
3 5 30542 31542
2 5 30620 31620
1 5 30698 31698
0 5 30698 31698
3 5 30698 31698
1 5 30853 31853
0 5 31008 32008
3 5 31008 32008
2 5 31008 32008
3 5 31164 32164
2 5 31242 32242
1 5 31319 32319
0 5 31319 32319
3 5 31475 32475
2 5 31475 32475
1 5 31553 32553
2 5 31630 32630
3 5 31630 32630
0 5 31630 32630
1 5 31708 32708
3 5 31786 32786
0 5 31786 32786
1 5 31941 32941
2 5 31941 32941
2 5 32096 33096
3 5 32096 33096
1 5 32174 33174
2 5 32252 33252
3 5 32252 33252
0 5 32252 33252
1 5 32407 33407
0 5 32407 33407
2 5 32485 33485
3 5 32563 33563
0 5 32563 33563
3 5 32718 33718
2 5 32718 33718
1 5 32796 33796
3 5 32874 33874
0 5 32874 33874
2 5 32874 33874
0 5 32951 33951
3 5 33029 34029
2 5 33029 34029
1 5 33107 34107
0 5 33185 34185
3 5 33185 34185
2 5 33340 34340
1 5 33418 34418
3 5 33495 34495
2 5 33495 34495
0 5 33495 34495
1 5 33651 34651
3 5 33729 34729
2 5 33806 34806
0 5 33806 34806
1 5 33884 34884
2 5 33962 34962
3 5 33962 34962
1 5 34039 35039
0 5 34117 35117
2 5 34117 35117
3 5 34117 35117
1 5 34195 35195
3 5 34273 35273
2 5 34350 35350
1 5 34428 35428
0 5 34428 35428
2 5 34584 35584
3 5 34584 35584
1 5 34661 35661
0 5 34739 35739
2 5 34739 35739
3 5 34739 35739
1 5 34817 35817
0 5 34894 35894
3 5 34894 35894
2 5 34972 35972
1 5 35050 36050
0 5 35050 36050
3 5 35128 36128
0 5 35205 36205
2 5 35205 36205
1 5 35283 36283
0 5 35361 36361
2 5 35361 36361
3 5 35361 36361
1 5 35439 36439
2 5 35516 36516
3 5 35516 36516
1 5 35594 36594
0 5 35672 36672
2 5 35672 36672
3 5 35672 36672
0 5 35827 36827
1 5 35982 36982
2 5 35982 36982
3 5 35982 36982
3 5 36138 37138
2 5 36216 37216
1 5 36293 37293
0 5 36293 37293
2 5 36449 37449
3 5 36449 37449
1 5 36526 37526
3 5 36604 37604
2 5 36604 37604
0 5 36604 37604
1 5 36682 37682
0 5 36760 37760
3 5 36760 37760
1 5 36915 37915
2 5 36915 37915
2 5 37070 38070
3 5 37070 38070
1 5 37148 38148
2 5 37226 38226
3 5 37226 38226
0 5 37226 38226
1 5 37381 38381
0 5 37381 38381
2 5 37459 38459
3 5 37537 38537
0 5 37537 38537
3 5 37692 38692
2 5 37692 38692
1 5 37770 38770
3 5 37848 38848
0 5 37848 38848
2 5 37848 38848
2 5 37926 38926
0 5 38003 39003
1 5 38003 39003
3 5 38081 39081
0 5 38159 39159
2 5 38159 39159
1 5 38314 39314
2 5 38392 39392
3 5 38469 39469
0 5 38469 39469
1 5 38470 39470
1 5 38625 39625
3 5 38703 39703
2 5 38780 39780
0 5 38780 39780
1 5 38858 39858
2 5 38936 39936
3 5 38936 39936
1 5 39013 40013
0 5 39091 40091
2 5 39091 40091
3 5 39091 40091
1 5 39169 40169
3 5 39247 40247
2 5 39324 40324
1 5 39402 40402
0 5 39402 40402
3 5 39557 40557
2 5 39557 40557
0 5 39635 40635
3 5 39713 40713
2 5 39713 40713
1 5 39713 40713
0 5 39791 40791
2 5 39868 40868
1 5 39946 40946
0 5 40024 41024
3 5 40024 41024
2 5 40102 41102
1 5 40179 41179
0 5 40179 41179
2 5 40257 41257
0 5 40335 41335
1 5 40335 41335
3 5 40335 41335
2 5 40412 41412
3 5 40490 41490
0 5 40490 41490
1 5 40568 41568
2 5 40646 41646
3 5 40646 41646
0 5 40646 41646
2 5 40801 41801
3 5 40956 41956
0 5 40956 41956
1 5 40956 41956
0 5 41112 42112
1 5 41190 42190
2 5 41267 42267
3 5 41267 42267
0 5 41423 42423
1 5 41423 42423
2 5 41501 42501
1 5 41578 42578
0 5 41578 42578
3 5 41578 42578
2 5 41656 42656
0 5 41734 42734
3 5 41734 42734
2 5 41889 42889
1 5 41889 42889
1 5 42044 43044
0 5 42044 43044
2 5 42122 43122
1 5 42200 43200
0 5 42200 43200
3 5 42200 43200
2 5 42355 43355
3 5 42355 43355
1 5 42433 43433
0 5 42511 43511
3 5 42511 43511
0 5 42666 43666
1 5 42666 43666
2 5 42744 43744
0 5 42822 43822
3 5 42822 43822
1 5 42822 43822
1 5 42900 43900
2 5 42977 43977
3 5 42977 43977
0 5 43055 44055
3 5 43133 44133
1 5 43133 44133
2 5 43288 44288
1 5 43366 44366
0 5 43443 44443
3 5 43443 44443
2 5 43444 44444
2 5 43599 44599
0 5 43677 44677
1 5 43754 44754
3 5 43754 44754
2 5 43832 44832
1 5 43910 44910
0 5 43910 44910
2 5 43987 44987
3 5 44065 45065
1 5 44065 45065
0 5 44065 45065
2 5 44143 45143
0 5 44221 45221
1 5 44298 45298
2 5 44376 45376
3 5 44376 45376
0 5 44376 45376
1 5 44532 45532
2 5 44532 45532
3 5 44609 45609
1 5 44687 45687
0 5 44687 45687
3 5 44765 45765
2 5 44843 45843
0 5 44843 45843
1 5 44920 45920
3 5 44998 45998
0 5 44998 45998
2 5 44998 45998
1 5 45076 46076
3 5 45153 46153
2 5 45154 46154
0 5 45231 46231
2 5 45309 46309
1 5 45309 46309
3 5 45387 46387
1 5 45464 46464
0 5 45464 46464
3 5 45620 46620
0 5 45620 46620
1 5 45620 46620
2 5 45620 46620
0 5 45775 46775
2 5 45775 46775
1 5 45931 46931
3 5 45931 46931
0 5 46086 47086
2 5 46086 47086
3 5 46086 47086
1 5 46086 47086
0 5 46242 47242
1 5 46242 47242
3 5 46397 47397
2 5 46397 47397
2 5 46553 47553
3 5 46553 47553
0 5 46553 47553
1 5 46553 47553
1 5 46708 47708
2 5 46708 47708
0 5 46863 47863
3 5 46863 47863
0 5 47019 48019
1 5 47019 48019
3 5 47019 48019
2 5 47019 48019
2 5 47174 48174
3 5 47174 48174
0 5 47330 48330
1 5 47330 48330
1 5 47485 48485
2 5 47485 48485
3 5 47485 48485
0 5 47485 48485
2 5 47641 48641
1 5 47641 48641
0 5 47796 48796
1 5 47796 48796
3 5 47796 48796
2 5 47796 48796
1 5 47951 48951
0 5 47951 48951
3 5 47951 48951
0 5 48107 49107
2 5 48107 49107
3 5 48107 49107
1 5 48107 49107
3 5 48262 49262
2 5 48262 49262
0 5 48418 49418
1 5 48418 49418
0 5 48573 49573
1 5 48573 49573
3 5 48573 49573
2 5 48573 49573
2 5 48729 49729
1 5 48729 49729
3 5 48884 49884
0 5 48884 49884
3 5 49040 50040
2 5 49040 50040
0 5 49040 50040
1 5 49040 50040
0 5 49195 50195
1 5 49195 50195
3 5 49350 50350
2 5 49350 50350
2 5 49506 50506
3 5 49506 50506
0 5 49506 50506
1 5 49506 50506
1 5 49661 50661
3 5 49661 50661
0 5 49817 50817
2 5 49817 50817
3 5 49972 50972
1 5 49972 50972
0 5 49972 50972
2 5 49972 50972
1 5 50128 51128
3 5 50128 51128
0 5 50128 51128
0 5 50283 51283
3 5 50283 51283
1 5 50322 51322
2 5 50361 51361
3 5 50400 51400
0 5 50439 51439
1 5 50477 51477
2 5 50516 51516
3 5 50555 51555
1 5 50594 51594
0 5 50594 51594
3 5 50749 51749
1 5 50749 51749
2 5 50905 51905
0 5 50905 51905
3 5 51060 52060
1 5 51060 52060
0 5 51060 52060
2 5 51060 52060
3 5 51216 52216
2 5 51216 52216
0 5 51371 52371
1 5 51371 52371
1 5 51527 52527
0 5 51527 52527
3 5 51527 52527
2 5 51527 52527
2 5 51682 52682
1 5 51682 52682
3 5 51837 52837
0 5 51837 52837
3 5 51993 52993
2 5 51993 52993
0 5 51993 52993
1 5 51993 52993
1 5 52148 53148
0 5 52148 53148
3 5 52304 53304
2 5 52304 53304
2 5 52459 53459
1 5 52459 53459
0 5 52459 53459
3 5 52459 53459
1 5 52615 53615
2 5 52615 53615
3 5 52770 53770
2 5 52770 53770
0 5 52770 53770
1 5 52770 53770
0 5 52926 53926
3 5 52926 53926
1 5 52926 53926
3 5 53081 54081
1 5 53081 54081
0 5 53081 54081
2 5 53081 54081
2 5 53236 54236
3 5 53236 54236
1 5 53392 54392
0 5 53392 54392
3 5 53547 54547
2 5 53547 54547
0 5 53547 54547
1 5 53547 54547
1 5 53703 54703
2 5 53703 54703
0 5 53858 54858
3 5 53858 54858
0 5 54014 55014
1 5 54014 55014
3 5 54014 55014
2 5 54014 55014
3 5 54169 55169
2 5 54169 55169
0 5 54324 55324
1 5 54325 55325
1 5 54480 55480
0 5 54480 55480
3 5 54480 55480
2 5 54480 55480
2 5 54635 55635
0 5 54635 55635
3 5 54791 55791
1 5 54791 55791
0 5 54946 55946
3 5 54946 55946
1 5 54998 55998
2 5 55050 56050
0 5 55102 56102
1 5 55154 56154
3 5 55205 56205
0 5 55257 56257
2 5 55309 56309
3 5 55361 56361
1 5 55413 56413
0 5 55464 56464
2 5 55516 56516
3 5 55568 56568
1 5 55568 56568
0 5 55568 56568
0 5 55723 56723
2 5 55723 56723
1 5 55879 56879
3 5 55879 56879
0 5 56034 57034
2 5 56034 57034
3 5 56034 57034
1 5 56034 57034
0 5 56190 57190
1 5 56190 57190
3 5 56345 57345
2 5 56345 57345
2 5 56501 57501
3 5 56501 57501
0 5 56501 57501
1 5 56501 57501
1 5 56656 57656
2 5 56656 57656
0 5 56811 57811
3 5 56812 57812
0 5 56967 57967
1 5 56967 57967
3 5 56967 57967
2 5 56967 57967
2 5 57122 58122
3 5 57122 58122
0 5 57278 58278
1 5 57278 58278
1 5 57433 58433
2 5 57433 58433
3 5 57433 58433
0 5 57433 58433
1 5 57589 58589
2 5 57589 58589
0 5 57744 58744
1 5 57744 58744
3 5 57744 58744
2 5 57744 58744
2 5 57899 58899
0 5 57900 58900
3 5 57900 58900
0 5 58055 59055
2 5 58055 59055
3 5 58055 59055
1 5 58055 59055
1 5 58210 59210
0 5 58211 59211
2 5 58366 59366
3 5 58366 59366
0 5 58521 59521
1 5 58521 59521
3 5 58521 59521
2 5 58521 59521
2 5 58677 59677
1 5 58677 59677
3 5 58832 59832
0 5 58832 59832
3 5 58988 59988
2 5 58988 59988
0 5 58988 59988
1 5 58988 59988
0 5 59143 60143
1 5 59143 60143
3 5 59298 60298
2 5 59299 60299
2 5 59454 60454
3 5 59454 60454
0 5 59454 60454
1 5 59454 60454
1 5 59609 60609
3 5 59609 60609
0 5 59765 60765
2 5 59765 60765
3 5 59920 60920
1 5 59920 60920
0 5 59920 60920
2 5 59920 60920
1 5 60076 61076
3 5 60076 61076
0 5 60076 61076
0 5 60231 61231
3 5 60231 61231
1 5 60270 61270
2 5 60309 61309
3 5 60348 61348
0 5 60387 61387
1 5 60425 61425
2 5 60464 61464
3 5 60503 61503
1 5 60542 61542
0 5 60542 61542
2 5 60620 61620
3 5 60620 61620
1 5 60698 61698
0 5 60698 61698
2 5 60775 61775
3 5 60775 61775
1 5 60853 61853
0 5 60853 61853
0 5 61008 62008
3 5 61008 62008
2 5 61086 62086
1 5 61086 62086
0 5 61164 62164
3 5 61164 62164
2 5 61242 62242
1 5 61242 62242
0 5 61319 62319
3 5 61319 62319
2 5 61475 62475
3 5 61475 62475
1 5 61553 62553
0 5 61553 62553
2 5 61630 62630
3 5 61630 62630
1 5 61708 62708
0 5 61708 62708
2 5 61786 62786
3 5 61786 62786
0 5 61941 62941
2 5 61941 62941
3 5 62019 63019
1 5 62019 63019
0 5 62097 63097
2 5 62097 63097
3 5 62174 63174
1 5 62174 63174
0 5 62252 63252
2 5 62252 63252
0 5 62407 63407
3 5 62407 63407
2 5 62485 63485
1 5 62485 63485
0 5 62563 63563
3 5 62563 63563
2 5 62641 63641
1 5 62641 63641
0 5 62718 63718
3 5 62718 63718
1 5 62796 63796
2 5 62874 63874
3 5 62874 63874
0 5 62951 63951
1 5 63029 64029
3 5 63029 64029
2 5 63107 64107
1 5 63185 64185
0 5 63185 64185
3 5 63262 64262
2 5 63340 64340
1 5 63340 64340
0 5 63418 64418
2 5 63496 64496
3 5 63496 64496
1 5 63573 64573
0 5 63651 64651
3 5 63651 64651
2 5 63729 64729
1 5 63729 64729
0 5 63806 64806
3 5 63806 64806
2 5 63884 64884
1 5 63884 64884
0 5 63962 64962
3 5 63962 64962
2 5 64040 65040
1 5 64040 65040
0 5 64117 65117
3 5 64117 65117
2 5 64195 65195
1 5 64195 65195
0 5 64273 65273
3 5 64273 65273
3 5 64428 65428
2 5 64467 65467
1 5 64506 65506
0 5 64545 65545
2 5 64584 65584
3 5 64584 65584
1 5 64661 65661
0 5 64661 65661
3 5 64739 65739
2 5 64778 65778
1 5 64817 65817
0 5 64856 65856
0 5 65516 66516
3 5 65516 66516
2 5 65516 66516
0 5 65827 66827
3 5 66138 67138
1 5 66449 67449
0 5 66760 67760
3 5 66760 67760
1 5 67071 68071
2 5 67382 68382
1 5 68003 69003
3 5 68003 69003
2 5 68314 69314
1 5 68625 69625
0 5 68936 69936
1 5 69247 70247
2 5 69247 70247
3 5 69558 70558
0 5 69869 70869
2 5 70490 71490
3 5 70490 71490
0 5 70801 71801
2 5 71112 72112
1 5 71423 72423
2 5 71734 72734
0 5 71734 72734
1 5 72045 73045
3 5 72356 73356
1 5 72666 73666
2 5 72977 73977
3 5 72977 73977
0 5 73444 74444
1 5 73599 74599
0 5 73832 74832
3 5 74065 75065
0 5 74221 75221
1 5 74221 75221
3 5 74532 75532
0 5 74843 75843
1 5 75464 76464
2 5 75464 76464
3 5 75464 76464
0 5 76086 77086
2 5 76397 77397
1 5 76553 77553
2 5 76708 77708
0 5 76708 77708
3 5 77019 78019
0 5 77330 78330
2 5 77485 78485
1 5 77641 78641
3 5 77641 78641
0 5 77796 78796
2 5 77951 78951
3 5 77951 78951
0 5 78418 79418
2 5 78573 79573
3 5 78884 79884
0 5 79040 80040
1 5 79117 80117
2 5 79195 80195
0 5 79195 80195
1 5 79817 80817
3 5 79972 80972
0 5 80128 81128
1 5 80283 81283
2 5 80439 81439
3 5 80439 81439
0 5 80749 81749
2 5 81060 82060
0 5 81216 82216
1 5 81371 82371
2 5 81527 82527
3 5 81682 82682
0 5 81682 82682
1 5 81993 82993
2 5 82304 83304
3 5 82304 83304
0 5 82615 83615
3 5 82926 83926
1 5 82926 83926
1 5 83392 84392
3 5 83547 84547
0 5 83780 84780
2 5 83858 84858
1 5 83962 84962
2 5 84169 85169
3 5 84169 85169
0 5 84480 85480
3 5 84791 85791
1 5 84791 85791
0 5 85413 86413
1 5 85413 86413
2 5 85413 86413
3 5 85568 86568
2 5 85723 86723
1 5 85879 86879
0 5 86034 87034
1 5 86656 87656
2 5 86656 87656
3 5 86812 87812
2 5 86967 87967
1 5 87122 88122
0 5 87278 88278
0 5 87900 88900
1 5 87900 88900
3 5 88055 89055
2 5 88211 89211
1 5 88366 89366
0 5 88521 89521
0 5 91630 92630
1 5 91630 92630
3 5 91630 92630
2 5 91630 92630
1 5 91786 92786
0 5 91941 92941
2 5 91941 92941
3 5 91941 92941
1 5 92097 93097
2 5 92174 93174
0 5 92252 93252
1 5 92252 93252
2 5 92330 93330
3 5 92407 93407
0 5 92407 93407
1 5 92563 93563
2 5 92563 93563
3 5 92563 93563
0 5 92718 93718
1 5 92796 93796
2 5 92874 93874
3 5 92874 93874
2 5 93029 94029
3 5 93029 94029
1 5 93107 94107
0 5 93185 94185
2 5 93185 94185
3 5 93185 94185
1 5 93340 94340
0 5 93496 94496
3 5 93496 94496
1 5 93651 94651
2 5 93651 94651
3 5 93806 94806
0 5 93806 94806
1 5 93806 94806
2 5 93962 94962
3 5 94117 95117
0 5 94117 95117
1 5 94273 95273
3 5 94428 95428
2 5 94428 95428
0 5 94428 95428
1 5 94584 95584
0 5 94584 95584
3 5 94661 95661
1 5 94739 95739
2 5 94817 95817
3 5 94894 95894
0 5 94894 95894
2 5 95050 96050
1 5 95050 96050
0 5 95050 96050
3 5 95205 96205
1 5 95205 96205
3 5 95361 96361
2 5 95361 96361
1 5 95516 96516
0 5 95516 96516
2 5 95594 96594
3 5 95672 96672
1 5 95672 96672
0 5 95672 96672
2 5 95749 96749
0 5 95827 96827
3 5 95827 96827
1 5 95905 96905
3 5 95983 96983
2 5 95983 96983
0 5 96060 97060
1 5 96138 97138
3 5 96138 97138
2 5 96216 97216
3 5 96293 97293
1 5 96293 97293
0 5 96293 97293
2 5 96371 97371
3 5 96449 97449
0 5 96449 97449
1 5 96527 97527
2 5 96604 97604
3 5 96604 97604
0 5 96604 97604
2 5 96760 97760
3 5 96915 97915
1 5 96915 97915
0 5 96915 97915
2 5 97071 98071
1 5 97148 98148
3 5 97226 98226
2 5 97226 98226
1 5 97304 98304
0 5 97381 98381
3 5 97381 98381
2 5 97537 98537
1 5 97537 98537
0 5 97537 98537
3 5 97692 98692
2 5 97770 98770
1 5 97848 98848
0 5 97848 98848
1 5 98003 99003
0 5 98003 99003
2 5 98081 99081
3 5 98159 99159
1 5 98159 99159
0 5 98159 99159
2 5 98314 99314
1 5 98392 99392
0 5 98470 99470
3 5 98470 99470
3 5 98625 99625
2 5 98625 99625
1 5 98703 99703
2 5 98780 99780
3 5 98780 99780
0 5 98780 99780
1 5 98936 99936
3 5 99091 100091
0 5 99091 100091
1 5 99247 100247
2 5 99247 100247
3 5 99402 100402
2 5 99402 100402
0 5 99402 100402
1 5 99558 100558
0 5 99558 100558
3 5 99635 100635
1 5 99713 100713
2 5 99791 100791
3 5 99868 100868
0 5 99868 100868
2 5 100024 101024
1 5 100024 101024
0 5 100024 101024
3 5 100179 101179
1 5 100179 101179
3 5 100335 101335
2 5 100335 101335
1 5 100490 101490
0 5 100490 101490
2 5 100568 101568
3 5 100646 101646
1 5 100646 101646
0 5 100646 101646
2 5 100723 101723
0 5 100801 101801
3 5 100801 101801
1 5 100879 101879
3 5 100957 101957
2 5 100957 101957
0 5 101034 102034
1 5 101112 102112
3 5 101112 102112
2 5 101190 102190
3 5 101267 102267
1 5 101267 102267
0 5 101267 102267
2 5 101345 102345
3 5 101423 102423
0 5 101423 102423
1 5 101501 102501
2 5 101578 102578
3 5 101578 102578
0 5 101578 102578
0 5 102200 103200
3 5 102200 103200
1 5 102278 103278
2 5 102278 103278
0 5 102356 103356
3 5 102356 103356
1 5 102433 103433
2 5 102433 103433
0 5 102511 103511
3 5 102511 103511
1 5 102589 103589
2 5 102589 103589
0 5 102666 103666
3 5 102666 103666
1 5 102744 103744
2 5 102744 103744
0 5 102822 103822
1 5 102822 103822
3 5 102822 103822
0 5 103055 104055
1 5 103055 104055
3 5 103055 104055
0 5 103288 104288
1 5 103288 104288
3 5 103288 104288
0 5 103444 104444
1 5 103444 104444
3 5 103444 104444
2 5 103599 104599
3 5 103599 104599
0 5 103638 104638
1 5 103677 104677
2 5 103716 104716
3 5 103755 104755
0 5 103755 104755
0 5 103910 104910
1 5 103910 104910
3 5 103949 104949
2 5 103988 104988
1 5 104027 105027
0 5 104065 105065
3 5 104065 105065
3 5 104221 105221
0 5 104376 105376
1 5 104376 105376
2 5 104376 105376
1 5 104532 105532
3 5 104532 105532
0 5 104609 105609
2 5 104687 105687
1 5 104765 105765
2 5 104843 105843
3 5 104843 105843
0 5 104998 105998
1 5 104998 105998
3 5 104998 105998
2 5 105154 106154
0 5 105154 106154
2 5 105309 106309
3 5 105309 106309
1 5 105464 106464
0 5 105464 106464
2 5 105542 106542
0 5 105620 106620
1 5 105620 106620
3 5 105620 106620
2 5 105698 106698
0 5 105775 106775
3 5 105775 106775
1 5 105853 106853
2 5 105931 106931
3 5 105931 106931
0 5 106008 107008
1 5 106086 107086
3 5 106086 107086
2 5 106164 107164
1 5 106242 107242
0 5 106242 107242
3 5 106242 107242
2 5 106319 107319
0 5 106397 107397
3 5 106397 107397
1 5 106475 107475
0 5 106553 107553
2 5 106553 107553
3 5 106553 107553
2 5 106708 107708
3 5 106863 107863
1 5 106863 107863
0 5 106863 107863
2 5 107019 108019
1 5 107096 108096
3 5 107174 108174
2 5 107174 108174
1 5 107252 108252
0 5 107329 108329
3 5 107329 108329
2 5 107485 108485
1 5 107485 108485
0 5 107485 108485
3 5 107640 108640
2 5 107718 108718
1 5 107796 108796
0 5 107796 108796
1 5 107951 108951
0 5 107951 108951
2 5 108029 109029
3 5 108107 109107
1 5 108107 109107
0 5 108107 109107
2 5 108262 109262
1 5 108340 109340
0 5 108418 109418
3 5 108418 109418
3 5 108573 109573
2 5 108573 109573
1 5 108651 109651
2 5 108728 109728
3 5 108728 109728
0 5 108728 109728
1 5 108884 109884
3 5 109039 110039
0 5 109039 110039
1 5 109195 110195
2 5 109195 110195
3 5 109350 110350
2 5 109350 110350
0 5 109350 110350
1 5 109506 110506
0 5 109506 110506
3 5 109583 110583
1 5 109661 110661
2 5 109739 110739
3 5 109816 110816
0 5 109816 110816
2 5 109972 110972
1 5 109972 110972
0 5 109972 110972
3 5 110127 111127
1 5 110127 111127
3 5 110283 111283
2 5 110283 111283
0 5 110283 111283
1 5 110438 111438
0 5 110438 111438
2 5 110516 111516
3 5 110594 111594
1 5 110594 111594
0 5 110594 111594
2 5 110671 111671
0 5 110749 111749
1 5 110827 111827
3 5 110905 111905
2 5 110905 111905
0 5 110905 111905
1 5 110983 111983
3 5 111060 112060
0 5 111060 112060
2 5 111138 112138
3 5 111215 112215
1 5 111215 112215
0 5 111215 112215
2 5 111293 112293
0 5 111371 112371
1 5 111371 112371
2 5 111449 112449
3 5 111526 112526
0 5 111526 112526
1 5 111527 112527
1 5 111682 112682
2 5 111837 112837
3 5 111838 112838
0 5 111838 112838
1 5 111993 112993
3 5 111994 112994
0 5 112071 113071
2 5 112149 113149
1 5 112227 113227
0 5 112304 113304
3 5 112304 113304
3 5 112460 113460
2 5 112460 113460
1 5 112460 113460
0 5 112615 113615
1 5 112693 113693
2 5 112771 113771
3 5 112771 113771
3 5 112926 113926
2 5 112926 113926
1 5 113004 114004
0 5 113082 114082
2 5 113082 114082
3 5 113082 114082
1 5 113237 114237
3 5 113315 114315
0 5 113392 114392
1 5 113392 114392
2 5 113470 114470
3 5 113548 114548
0 5 113548 114548
2 5 113703 114703
1 5 113703 114703
0 5 113703 114703
3 5 113781 114781
1 5 113859 114859
2 5 113937 114937
3 5 114014 115014
0 5 114014 115014
3 5 114170 115170
2 5 114170 115170
1 5 114247 115247
2 5 114325 115325
3 5 114325 115325
0 5 114325 115325
1 5 114481 115481
2 5 114558 115558
3 5 114636 115636
1 5 114636 115636
0 5 114714 115714
2 5 114791 115791
3 5 114791 115791
1 5 114947 115947
0 5 114947 115947
2 5 114947 115947
3 5 115102 116102
2 5 115180 116180
1 5 115258 116258
0 5 115258 116258
3 5 115413 116413
2 5 115413 116413
1 5 115490 116490
0 5 115568 116568
3 5 115569 116569
2 5 115569 116569
1 5 115646 116646
2 5 115724 116724
0 5 115724 116724
3 5 115802 116802
1 5 115880 116880
0 5 115880 116880
3 5 115957 116957
0 5 116034 117034
2 5 116035 117035
1 5 116112 117112
3 5 116190 117190
2 5 116190 117190
0 5 116190 117190
1 5 116268 117268
0 5 116346 117346
3 5 116346 117346
2 5 116424 117424
3 5 116501 117501
1 5 116501 117501
0 5 116501 117501
1 5 116657 117657
0 5 116812 117812
2 5 116812 117812
3 5 116812 117812
0 5 116968 117968
1 5 116968 117968
3 5 117045 118045
1 5 117123 118123
2 5 117201 118201
3 5 117278 118278
0 5 117278 118278
0 5 117434 118434
1 5 117434 118434
2 5 117434 118434
3 5 117589 118589
2 5 117667 118667
1 5 117745 118745
0 5 117745 118745
0 5 117900 118900
1 5 117900 118900
2 5 117978 118978
3 5 118056 119056
1 5 118056 119056
0 5 118056 119056
2 5 118211 119211
0 5 118289 119289
3 5 118366 119366
2 5 118366 119366
1 5 118444 119444
0 5 118522 119522
3 5 118522 119522
1 5 118677 119677
2 5 118677 119677
3 5 118677 119677
0 5 118755 119755
2 5 118833 119833
1 5 118911 119911
0 5 118988 119988
3 5 118988 119988
1 5 119144 120144
0 5 119144 120144
2 5 119221 120221
1 5 119299 120299
0 5 119299 120299
3 5 119299 120299
2 5 119455 120455
1 5 119532 120532
0 5 119610 120610
2 5 119610 120610
3 5 119688 120688
1 5 119765 120765
0 5 119765 120765
2 5 119921 120921
3 5 119921 120921
1 5 119921 120921
0 5 120076 121076
1 5 120154 121154
2 5 120232 121232
3 5 120232 121232
1 5 120387 121387
0 5 120387 121387
2 5 120464 121464
3 5 120542 121542
0 5 120543 121543
1 5 120543 121543
2 5 120620 121620
1 5 120698 121698
3 5 120698 121698
0 5 120776 121776
2 5 120854 121854
3 5 120854 121854
1 5 120931 121931
0 5 121008 122008
3 5 121008 122008
2 5 121086 122086
0 5 121164 122164
1 5 121164 122164
3 5 121164 122164
2 5 121242 122242
3 5 121320 122320
0 5 121320 122320
0 5 121475 122475
2 5 121475 122475
3 5 121475 122475
1 5 121475 122475
2 5 121630 122630
3 5 121631 122631
0 5 121786 122786
1 5 121786 122786
3 5 121786 122786
3 5 121942 122942
2 5 121942 122942
1 5 121942 122942
0 5 121942 122942
0 5 122097 123097
1 5 122097 123097
0 5 122252 123252
2 5 122252 123252
3 5 122252 123252
3 5 122408 123408
1 5 122408 123408
0 5 122408 123408
2 5 122408 123408
2 5 122563 123563
3 5 122563 123563
0 5 122718 123718
1 5 122719 123719
3 5 122719 123719
2 5 122874 123874
0 5 122874 123874
1 5 122874 123874
3 5 122874 123874
0 5 123029 124029
1 5 123029 124029
0 5 123185 124185
2 5 123185 124185
3 5 123185 124185
2 5 123341 124341
3 5 123341 124341
0 5 123341 124341
1 5 123341 124341
3 5 123496 124496
0 5 123496 124496
1 5 123496 124496
3 5 123652 124652
1 5 123652 124652
0 5 123652 124652
2 5 123652 124652
2 5 123806 124806
0 5 123807 124807
3 5 123807 124807
2 5 123962 124962
3 5 123962 124962
0 5 123962 124962
1 5 123962 124962
1 5 124118 125118
3 5 124118 125118
0 5 124273 125273
2 5 124273 125273
3 5 124429 125429
2 5 124429 125429
1 5 124429 125429
0 5 124429 125429
3 5 124584 125584
0 5 124584 125584
1 5 124740 125740
2 5 124740 125740
3 5 124895 125895
1 5 124895 125895
0 5 124895 125895
2 5 124895 125895
2 5 125050 126050
0 5 125050 126050
1 5 125206 126206
3 5 125206 126206
2 5 125361 126361
0 5 125361 126361
1 5 125361 126361
3 5 125361 126361
2 5 125517 126517
3 5 125517 126517
1 5 125672 126672
0 5 125672 126672
2 5 125828 126828
3 5 125828 126828
0 5 125828 126828
1 5 125905 126905
3 5 125983 126983
2 5 125983 126983
0 5 126061 127061
3 5 126139 127139
1 5 126139 127139
2 5 126139 127139
0 5 126216 127216
2 5 126294 127294
3 5 126294 127294
1 5 126371 127371
0 5 126449 127449
0 5 126760 127760
2 5 126760 127760
3 5 126760 127760
1 5 126915 127915
2 5 127071 128071
3 5 127226 128226
0 5 128003 129003
1 5 128159 129159
2 5 128314 129314
0 5 128470 129470
