Disorder
HyuN feat. Yuri
Insane
11749
1 5 76 1076
0 5 231 1231
0 5 853 1853
1 5 853 1853
3 5 1008 2008
2 5 1164 2164
1 5 1319 2319
0 5 1475 2475
0 5 2097 3097
2 5 2097 3097
3 5 2252 3252
2 5 2407 3407
1 5 2563 3563
0 5 2718 3718
0 5 3340 4340
1 5 3340 4340
3 5 3496 4496
2 5 3651 4651
1 5 3806 4806
0 5 3962 4962
1 5 4584 5584
2 5 4584 5584
3 5 4739 5739
2 5 4894 5894
1 5 5050 6050
0 5 5205 6205
0 5 5827 6827
2 5 5827 6827
3 5 5983 6983
2 5 6138 7138
1 5 6293 7293
0 5 6449 7449
0 5 7071 8071
1 5 7071 8071
3 5 7226 8226
2 5 7382 8382
1 5 7537 8537
0 5 7692 8692
0 5 10801 11801
2 5 10801 11801
3 5 10801 11801
2 5 10957 11957
0 5 11112 12112
3 5 11112 12112
1 5 11268 12268
2 5 11345 12345
0 5 11423 12423
1 5 11501 12501
2 5 11578 12578
3 5 11578 12578
1 5 11734 12734
0 5 11734 12734
3 5 11889 12889
2 5 12045 13045
0 5 12045 13045
0 5 12200 13200
2 5 12200 13200
1 5 12356 13356
3 5 12356 13356
2 5 12511 13511
1 5 12589 13589
3 5 12666 13666
2 5 12744 13744
1 5 12822 13822
0 5 12822 13822
2 5 12977 13977
3 5 12977 13977
0 5 13133 14133
1 5 13288 14288
3 5 13288 14288
2 5 13444 14444
1 5 13521 14521
0 5 13599 14599
3 5 13599 14599
2 5 13755 14755
0 5 13832 14832
1 5 13910 14910
2 5 13988 14988
3 5 14065 15065
0 5 14065 15065
0 5 14221 15221
1 5 14221 15221
2 5 14376 15376
1 5 14532 15532
3 5 14532 15532
1 5 14687 15687
3 5 14687 15687
0 5 14765 15765
2 5 14843 15843
3 5 14843 15843
1 5 14920 15920
0 5 14998 15998
2 5 15076 16076
1 5 15154 16154
3 5 15231 16231
2 5 15309 16309
0 5 15309 16309
1 5 15387 16387
2 5 15464 16464
3 5 15464 16464
0 5 15542 16542
1 5 15620 16620
3 5 15620 16620
2 5 15698 16698
1 5 15775 16775
0 5 15775 16775
3 5 15775 16775
0 5 15931 16931
3 5 16086 17086
1 5 16086 17086
2 5 16242 17242
1 5 16319 17319
3 5 16397 17397
2 5 16475 17475
1 5 16552 17552
0 5 16552 17552
2 5 16708 17708
3 5 16708 17708
0 5 16863 17863
1 5 17019 18019
3 5 17019 18019
3 5 17174 18174
1 5 17174 18174
2 5 17330 18330
0 5 17330 18330
1 5 17485 18485
2 5 17563 18563
0 5 17640 18640
1 5 17718 18718
2 5 17796 18796
3 5 17796 18796
1 5 17951 18951
0 5 17951 18951
3 5 18107 19107
2 5 18262 19262
0 5 18262 19262
1 5 18418 19418
2 5 18495 19495
3 5 18573 19573
0 5 18573 19573
1 5 18729 19729
3 5 18806 19806
2 5 18884 19884
1 5 18962 19962
0 5 19039 20039
3 5 19039 20039
3 5 19195 20195
2 5 19195 20195
1 5 19350 20350
2 5 19506 20506
0 5 19506 20506
2 5 19661 20661
0 5 19661 20661
3 5 19739 20739
1 5 19817 20817
0 5 19817 20817
2 5 19894 20894
3 5 19972 20972
1 5 20050 21050
2 5 20128 21128
0 5 20205 21205
1 5 20283 21283
3 5 20283 21283
2 5 20361 21361
1 5 20438 21438
0 5 20438 21438
3 5 20516 21516
2 5 20594 21594
0 5 20594 21594
1 5 20672 21672
2 5 20749 21749
3 5 20749 21749
0 5 20749 21749
1 5 20905 21905
2 5 21060 22060
0 5 21216 22216
3 5 21216 22216
1 5 21216 22216
2 5 21371 22371
0 5 21527 22527
1 5 21682 22682
2 5 21682 22682
3 5 21682 22682
0 5 21837 22837
3 5 21993 22993
2 5 22148 23148
1 5 22148 23148
0 5 22148 23148
3 5 22304 23304
1 5 22459 23459
0 5 22615 23615
2 5 22615 23615
3 5 22615 23615
1 5 22770 23770
2 5 22770 23770
0 5 22926 23926
1 5 22926 23926
3 5 22926 23926
1 5 23081 24081
2 5 23081 24081
0 5 23236 24236
2 5 23236 24236
3 5 23236 24236
1 5 23392 24392
2 5 23547 24547
1 5 23703 24703
0 5 23703 24703
3 5 23703 24703
2 5 23858 24858
0 5 24014 25014
1 5 24169 25169
2 5 24169 25169
3 5 24169 25169
0 5 24325 25325
3 5 24480 25480
2 5 24635 25635
1 5 24635 25635
0 5 24635 25635
3 5 24791 25791
1 5 24946 25946
0 5 25102 26102
3 5 25102 26102
2 5 25102 26102
1 5 25179 26179
2 5 25257 26257
3 5 25257 26257
0 5 25335 26335
1 5 25413 26413
3 5 25413 26413
2 5 25490 26490
1 5 25568 26568
0 5 25568 26568
3 5 25646 26646
2 5 25723 26723
1 5 25723 26723
0 5 25723 26723
3 5 25879 26879
1 5 26034 27034
0 5 26034 27034
2 5 26190 27190
1 5 26268 27268
0 5 26345 27345
2 5 26501 27501
3 5 26501 27501
0 5 26578 27578
1 5 26656 27656
3 5 26656 27656
2 5 26734 27734
1 5 26812 27812
0 5 26967 27967
3 5 26967 27967
0 5 27122 28122
1 5 27200 28200
2 5 27278 28278
3 5 27278 28278
1 5 27433 28433
2 5 27511 28511
3 5 27589 28589
0 5 27744 28744
1 5 27744 28744
2 5 27822 28822
1 5 27900 28900
3 5 27900 28900
0 5 27977 28977
2 5 28055 29055
1 5 28133 29133
0 5 28211 29211
3 5 28211 29211
2 5 28366 29366
1 5 28444 29444
2 5 28521 29521
3 5 28521 29521
1 5 28677 29677
2 5 28755 29755
0 5 28832 29832
1 5 28910 29910
3 5 28988 29988
2 5 28988 29988
1 5 29065 30065
0 5 29143 30143
2 5 29143 30143
3 5 29221 30221
1 5 29299 30299
0 5 29376 30376
3 5 29454 30454
2 5 29454 30454
2 5 29609 30609
0 5 29609 30609
3 5 29687 30687
1 5 29765 30765
0 5 29765 30765
2 5 29843 30843
1 5 29920 30920
2 5 29998 30998
3 5 30076 31076
1 5 30154 31154
2 5 30231 31231
0 5 30231 31231
3 5 30309 31309
1 5 30387 31387
0 5 30387 31387
2 5 30464 31464
3 5 30542 31542
1 5 30542 31542
0 5 30620 31620
2 5 30698 31698
3 5 30698 31698
1 5 30698 31698
0 5 30854 31854
2 5 31009 32009
3 5 31009 32009
1 5 31165 32165
2 5 31243 32243
3 5 31320 32320
1 5 31476 32476
0 5 31476 32476
3 5 31553 32553
2 5 31631 32631
0 5 31631 32631
1 5 31709 32709
2 5 31787 32787
3 5 31942 32942
0 5 31942 32942
3 5 32097 33097
2 5 32175 33175
1 5 32253 33253
0 5 32253 33253
2 5 32408 33408
1 5 32486 33486
0 5 32564 33564
3 5 32719 33719
2 5 32719 33719
1 5 32797 33797
2 5 32875 33875
0 5 32875 33875
3 5 32952 33952
1 5 33030 34030
2 5 33108 34108
3 5 33186 34186
0 5 33186 34186
1 5 33341 34341
2 5 33419 34419
1 5 33496 34496
0 5 33496 34496
2 5 33652 34652
1 5 33730 34730
3 5 33807 34807
2 5 33885 34885
0 5 33963 34963
1 5 33963 34963
2 5 34040 35040
3 5 34118 35118
1 5 34118 35118
0 5 34196 35196
2 5 34274 35274
3 5 34351 35351
0 5 34429 35429
1 5 34429 35429
1 5 34584 35584
3 5 34584 35584
0 5 34662 35662
2 5 34740 35740
3 5 34740 35740
1 5 34818 35818
2 5 34895 35895
1 5 34973 35973
0 5 35051 36051
2 5 35129 36129
1 5 35206 36206
3 5 35206 36206
0 5 35284 36284
2 5 35362 36362
3 5 35362 36362
1 5 35439 36439
0 5 35517 36517
2 5 35517 36517
3 5 35595 36595
1 5 35673 36673
0 5 35673 36673
2 5 35673 36673
3 5 35828 36828
1 5 35983 36983
0 5 35983 36983
2 5 36139 37139
1 5 36217 37217
0 5 36294 37294
2 5 36450 37450
3 5 36450 37450
0 5 36527 37527
1 5 36605 37605
3 5 36605 37605
2 5 36683 37683
1 5 36761 37761
0 5 36916 37916
3 5 36916 37916
0 5 37071 38071
1 5 37149 38149
2 5 37227 38227
3 5 37227 38227
1 5 37382 38382
2 5 37460 38460
3 5 37538 38538
0 5 37693 38693
1 5 37693 38693
2 5 37771 38771
1 5 37849 38849
3 5 37849 38849
0 5 37926 38926
2 5 38004 39004
1 5 38082 39082
0 5 38160 39160
3 5 38160 39160
2 5 38315 39315
1 5 38393 39393
2 5 38470 39470
3 5 38470 39470
1 5 38626 39626
2 5 38704 39704
0 5 38781 39781
1 5 38859 39859
3 5 38937 39937
2 5 38937 39937
1 5 39014 40014
0 5 39092 40092
2 5 39092 40092
3 5 39170 40170
1 5 39248 40248
0 5 39325 40325
3 5 39403 40403
2 5 39403 40403
2 5 39558 40558
0 5 39558 40558
3 5 39636 40636
1 5 39714 40714
0 5 39714 40714
2 5 39792 40792
1 5 39869 40869
2 5 39947 40947
3 5 40025 41025
1 5 40103 41103
2 5 40180 41180
0 5 40180 41180
3 5 40258 41258
1 5 40336 41336
0 5 40336 41336
2 5 40413 41413
3 5 40491 41491
1 5 40491 41491
0 5 40569 41569
2 5 40647 41647
3 5 40647 41647
1 5 40647 41647
0 5 40803 41803
2 5 40958 41958
3 5 40958 41958
1 5 41114 42114
2 5 41192 42192
3 5 41269 42269
1 5 41425 42425
0 5 41425 42425
3 5 41502 42502
2 5 41580 42580
0 5 41580 42580
1 5 41658 42658
2 5 41736 42736
3 5 41891 42891
0 5 41891 42891
3 5 42046 43046
2 5 42124 43124
1 5 42202 43202
0 5 42202 43202
2 5 42357 43357
1 5 42435 43435
0 5 42513 43513
3 5 42668 43668
2 5 42668 43668
1 5 42746 43746
2 5 42824 43824
0 5 42824 43824
3 5 42901 43901
1 5 42979 43979
2 5 43057 44057
3 5 43135 44135
0 5 43135 44135
1 5 43290 44290
2 5 43368 44368
1 5 43445 44445
0 5 43445 44445
2 5 43601 44601
1 5 43679 44679
3 5 43756 44756
2 5 43834 44834
0 5 43912 44912
1 5 43912 44912
2 5 43989 44989
3 5 44067 45067
1 5 44067 45067
0 5 44145 45145
2 5 44223 45223
3 5 44300 45300
0 5 44378 45378
1 5 44378 45378
1 5 44533 45533
3 5 44533 45533
0 5 44611 45611
2 5 44689 45689
3 5 44689 45689
1 5 44767 45767
2 5 44844 45844
1 5 44922 45922
3 5 44998 45998
0 5 45000 46000
2 5 45078 46078
0 5 45154 46154
1 5 45155 46155
2 5 45231 46231
1 5 45309 46309
3 5 45311 46311
0 5 45387 46387
3 5 45464 46464
2 5 45464 46464
1 5 45542 46542
3 5 45620 46620
0 5 45622 46622
2 5 45622 46622
1 5 45775 46775
2 5 45931 46931
0 5 46086 47086
3 5 46086 47086
1 5 46086 47086
2 5 46242 47242
0 5 46397 47397
1 5 46553 47553
3 5 46553 47553
2 5 46553 47553
0 5 46708 47708
3 5 46863 47863
1 5 47019 48019
2 5 47019 48019
0 5 47019 48019
3 5 47174 48174
1 5 47330 48330
2 5 47485 48485
0 5 47485 48485
3 5 47485 48485
1 5 47641 48641
0 5 47796 48796
2 5 47796 48796
3 5 47796 48796
3 5 47951 48951
1 5 47951 48951
2 5 48107 49107
1 5 48107 49107
0 5 48107 49107
3 5 48262 49262
1 5 48418 49418
2 5 48573 49573
3 5 48573 49573
0 5 48573 49573
1 5 48729 49729
2 5 48884 49884
3 5 49040 50040
1 5 49040 50040
0 5 49040 50040
2 5 49195 50195
0 5 49350 50350
1 5 49506 50506
2 5 49506 50506
3 5 49506 50506
0 5 49661 50661
3 5 49817 50817
2 5 49972 50972
1 5 49972 50972
0 5 49972 50972
3 5 50128 51128
2 5 50128 51128
0 5 50283 51283
1 5 50322 51322
2 5 50361 51361
3 5 50400 51400
0 5 50439 51439
1 5 50477 51477
2 5 50516 51516
3 5 50555 51555
1 5 50594 51594
0 5 50594 51594
2 5 50749 51749
1 5 50905 51905
2 5 51060 52060
3 5 51060 52060
0 5 51060 52060
1 5 51216 52216
3 5 51371 52371
2 5 51527 52527
1 5 51527 52527
0 5 51527 52527
3 5 51682 52682
0 5 51837 52837
1 5 51993 52993
2 5 51993 52993
3 5 51993 52993
0 5 52148 53148
2 5 52304 53304
1 5 52459 53459
0 5 52459 53459
3 5 52459 53459
2 5 52615 53615
3 5 52770 53770
1 5 52770 53770
0 5 52770 53770
2 5 52926 53926
1 5 52926 53926
3 5 53081 54081
2 5 53081 54081
0 5 53081 54081
1 5 53236 54236
2 5 53392 54392
3 5 53547 54547
1 5 53547 54547
0 5 53547 54547
2 5 53703 54703
0 5 53858 54858
1 5 54014 55014
2 5 54014 55014
3 5 54014 55014
0 5 54169 55169
3 5 54325 55325
2 5 54480 55480
1 5 54480 55480
0 5 54480 55480
3 5 54635 55635
1 5 54791 55791
3 5 54946 55946
0 5 54946 55946
2 5 54998 55998
1 5 55050 56050
0 5 55102 56102
3 5 55154 56154
2 5 55205 56205
1 5 55257 56257
0 5 55309 56309
3 5 55361 56361
2 5 55413 56413
1 5 55464 56464
0 5 55516 56516
2 5 55568 56568
3 5 55568 56568
0 5 55724 56724
2 5 55880 56880
3 5 56035 57035
1 5 56035 57035
0 5 56035 57035
2 5 56191 57191
1 5 56346 57346
3 5 56502 57502
2 5 56502 57502
0 5 56502 57502
1 5 56657 57657
3 5 56812 57812
2 5 56968 57968
1 5 56968 57968
0 5 56968 57968
3 5 57123 58123
0 5 57279 58279
1 5 57434 58434
2 5 57434 58434
3 5 57434 58434
0 5 57590 58590
3 5 57745 58745
2 5 57745 58745
1 5 57745 58745
3 5 57900 58900
0 5 57900 58900
2 5 58056 59056
1 5 58056 59056
0 5 58056 59056
3 5 58211 59211
1 5 58367 59367
2 5 58522 59522
3 5 58522 59522
0 5 58522 59522
1 5 58678 59678
2 5 58833 59833
3 5 58989 59989
1 5 58989 59989
0 5 58989 59989
2 5 59144 60144
0 5 59299 60299
1 5 59455 60455
2 5 59455 60455
3 5 59455 60455
0 5 59610 60610
3 5 59766 60766
2 5 59921 60921
1 5 59921 60921
0 5 59921 60921
2 5 60076 61076
3 5 60077 61077
0 5 60232 61232
1 5 60271 61271
2 5 60310 61310
3 5 60349 61349
0 5 60388 61388
1 5 60426 61426
2 5 60465 61465
3 5 60504 61504
1 5 60543 61543
0 5 60543 61543
2 5 60620 61620
1 5 60698 61698
2 5 60775 61775
1 5 60853 61853
3 5 61008 62008
2 5 61008 62008
0 5 61086 62086
2 5 61164 62164
0 5 61242 62242
2 5 61319 62319
1 5 61475 62475
0 5 61475 62475
3 5 61553 62553
1 5 61630 62630
3 5 61708 62708
1 5 61786 62786
3 5 61941 62941
2 5 61941 62941
1 5 62019 63019
2 5 62097 63097
1 5 62174 63174
2 5 62252 63252
1 5 62407 63407
0 5 62407 63407
3 5 62485 63485
0 5 62563 63563
3 5 62641 63641
1 5 62718 63718
0 5 62718 63718
3 5 62874 63874
2 5 62874 63874
1 5 63029 64029
0 5 63029 64029
1 5 63185 64185
3 5 63185 64185
2 5 63340 64340
0 5 63340 64340
2 5 63496 64496
3 5 63496 64496
1 5 63651 64651
0 5 63651 64651
3 5 63729 64729
2 5 63806 64806
0 5 63806 64806
1 5 63884 64884
3 5 63962 64962
2 5 63962 64962
0 5 64040 65040
1 5 64117 65117
3 5 64117 65117
2 5 64195 65195
1 5 64273 65273
0 5 64273 65273
3 5 64428 65428
2 5 64467 65467
1 5 64506 65506
0 5 64545 65545
3 5 64584 65584
2 5 64584 65584
0 5 64739 65739
1 5 64778 65778
2 5 64817 65817
3 5 64856 65856
0 5 65516 66516
2 5 65516 66516
3 5 65516 66516
3 5 65827 66827
2 5 66138 67138
1 5 66449 67449
3 5 66760 67760
2 5 66760 67760
0 5 67071 68071
3 5 67382 68382
0 5 68003 69003
3 5 68314 69314
1 5 68625 69625
2 5 68936 69936
1 5 69247 70247
0 5 69247 70247
3 5 69558 70558
0 5 69869 70869
3 5 70490 71490
2 5 70801 71801
0 5 71112 72112
3 5 71423 72423
1 5 71734 72734
0 5 71734 72734
2 5 72045 73045
1 5 72356 73356
3 5 72666 73666
0 5 72977 73977
2 5 72977 73977
0 5 73444 74444
3 5 73599 74599
1 5 73832 74832
2 5 74065 75065
0 5 74221 75221
3 5 74221 75221
1 5 74532 75532
3 5 74843 75843
0 5 75464 76464
2 5 75464 76464
1 5 75464 76464
0 5 76086 77086
2 5 76397 77397
1 5 76553 77553
0 5 76708 77708
2 5 76708 77708
3 5 77019 78019
0 5 77641 78641
3 5 77951 78951
2 5 77951 78951
0 5 78418 79418
3 5 78884 79884
0 5 79195 80195
1 5 79195 80195
0 5 80439 81439
3 5 80749 81749
2 5 81060 82060
1 5 81371 82371
3 5 81682 82682
2 5 81682 82682
0 5 81993 82993
1 5 82304 83304
2 5 82615 83615
0 5 82926 83926
3 5 82926 83926
1 5 83392 84392
3 5 83547 84547
0 5 83780 84780
1 5 83962 84962
2 5 84169 85169
3 5 84169 85169
0 5 84480 85480
2 5 84791 85791
0 5 85413 86413
1 5 85413 86413
3 5 85568 86568
2 5 85723 86723
1 5 85879 86879
0 5 86034 87034
1 5 86656 87656
2 5 86656 87656
3 5 86812 87812
2 5 86967 87967
1 5 87122 88122
0 5 87278 88278
0 5 87900 88900
1 5 87900 88900
3 5 88055 89055
2 5 88211 89211
1 5 88366 89366
0 5 88521 89521
1 5 91008 92008
2 5 91319 92319
3 5 91630 92630
1 5 91630 92630
0 5 91630 92630
2 5 91786 92786
0 5 91941 92941
3 5 91941 92941
1 5 92097 93097
0 5 92174 93174
2 5 92252 93252
1 5 92330 93330
0 5 92407 93407
3 5 92407 93407
2 5 92563 93563
3 5 92563 93563
0 5 92718 93718
1 5 92874 93874
2 5 92874 93874
1 5 93029 94029
2 5 93029 94029
0 5 93185 94185
3 5 93185 94185
2 5 93340 94340
1 5 93418 94418
3 5 93496 94496
2 5 93573 94573
1 5 93651 94651
0 5 93651 94651
2 5 93806 94806
3 5 93806 94806
0 5 93962 94962
1 5 94117 95117
3 5 94117 95117
2 5 94273 95273
0 5 94428 95428
3 5 94428 95428
1 5 94584 95584
2 5 94661 95661
0 5 94739 95739
1 5 94817 95817
2 5 94894 95894
3 5 94894 95894
1 5 95050 96050
0 5 95050 96050
2 5 95205 96205
0 5 95361 96361
3 5 95361 96361
3 5 95516 96516
0 5 95516 96516
2 5 95594 96594
1 5 95672 96672
0 5 95672 96672
3 5 95749 96749
2 5 95827 96827
1 5 95905 96905
2 5 95983 96983
0 5 96060 97060
1 5 96138 97138
3 5 96138 97138
2 5 96216 97216
1 5 96293 97293
0 5 96293 97293
3 5 96371 97371
2 5 96449 97449
0 5 96449 97449
1 5 96527 97527
3 5 96604 97604
2 5 96604 97604
0 5 96604 97604
1 5 96760 97760
3 5 96915 97915
0 5 96915 97915
2 5 97071 98071
3 5 97148 98148
1 5 97226 98226
2 5 97304 98304
3 5 97381 98381
0 5 97381 98381
1 5 97537 98537
0 5 97537 98537
3 5 97692 98692
2 5 97848 98848
1 5 97848 98848
2 5 98003 99003
1 5 98003 99003
3 5 98159 99159
0 5 98159 99159
1 5 98314 99314
2 5 98392 99392
0 5 98470 99470
1 5 98547 99547
2 5 98625 99625
3 5 98625 99625
1 5 98780 99780
0 5 98780 99780
3 5 98936 99936
2 5 99091 100091
0 5 99091 100091
1 5 99247 100247
3 5 99402 100402
0 5 99402 100402
2 5 99558 100558
1 5 99635 100635
3 5 99713 100713
2 5 99791 100791
1 5 99868 100868
0 5 99868 100868
2 5 100024 101024
3 5 100024 101024
1 5 100179 101179
3 5 100335 101335
0 5 100335 101335
0 5 100490 101490
3 5 100490 101490
1 5 100568 101568
2 5 100646 101646
3 5 100646 101646
0 5 100723 101723
1 5 100801 101801
2 5 100879 101879
1 5 100957 101957
3 5 101034 102034
2 5 101112 102112
0 5 101112 102112
1 5 101190 102190
2 5 101267 102267
3 5 101267 102267
0 5 101345 102345
1 5 101423 102423
3 5 101423 102423
2 5 101501 102501
0 5 101578 102578
1 5 101578 102578
3 5 101578 102578
2 5 102201 103201
3 5 102201 103201
1 5 102279 103279
0 5 102279 103279
2 5 102357 103357
3 5 102357 103357
1 5 102434 103434
0 5 102434 103434
2 5 102512 103512
3 5 102512 103512
0 5 102590 103590
1 5 102590 103590
2 5 102668 103668
3 5 102668 103668
1 5 102745 103745
0 5 102822 103822
2 5 102823 103823
3 5 102823 103823
0 5 103055 104055
2 5 103055 104055
3 5 103055 104055
3 5 103288 104288
2 5 103288 104288
0 5 103288 104288
0 5 103444 104444
3 5 103444 104444
2 5 103444 104444
0 5 103599 104599
1 5 103638 104638
2 5 103677 104677
3 5 103716 104716
1 5 103755 104755
0 5 103755 104755
3 5 103910 104910
2 5 103949 104949
1 5 103988 104988
0 5 104027 105027
2 5 104065 105065
3 5 104065 105065
1 5 104221 105221
3 5 104376 105376
0 5 104376 105376
2 5 104532 105532
1 5 104609 105609
3 5 104687 105687
2 5 104765 105765
1 5 104842 105842
0 5 104842 105842
2 5 104998 105998
3 5 104998 105998
1 5 105153 106153
3 5 105309 106309
0 5 105309 106309
0 5 105464 106464
3 5 105464 106464
1 5 105542 106542
2 5 105620 106620
3 5 105620 106620
0 5 105697 106697
1 5 105775 106775
2 5 105853 106853
1 5 105931 106931
3 5 106008 107008
2 5 106086 107086
0 5 106086 107086
1 5 106164 107164
2 5 106241 107241
3 5 106241 107241
0 5 106319 107319
1 5 106397 107397
3 5 106397 107397
2 5 106475 107475
0 5 106552 107552
1 5 106552 107552
3 5 106552 107552
2 5 106708 107708
0 5 106863 107863
3 5 106863 107863
1 5 107019 108019
0 5 107096 108096
2 5 107174 108174
1 5 107252 108252
0 5 107329 108329
3 5 107329 108329
2 5 107485 108485
3 5 107485 108485
0 5 107640 108640
1 5 107796 108796
2 5 107796 108796
1 5 107951 108951
2 5 107951 108951
0 5 108107 109107
3 5 108107 109107
2 5 108262 109262
1 5 108340 109340
3 5 108418 109418
2 5 108495 109495
1 5 108573 109573
0 5 108573 109573
2 5 108728 109728
3 5 108728 109728
0 5 108884 109884
1 5 109039 110039
3 5 109039 110039
2 5 109195 110195
0 5 109350 110350
3 5 109350 110350
1 5 109506 110506
2 5 109583 110583
0 5 109661 110661
1 5 109739 110739
2 5 109816 110816
3 5 109816 110816
1 5 109972 110972
0 5 109972 110972
2 5 110127 111127
0 5 110283 111283
3 5 110283 111283
3 5 110438 111438
0 5 110438 111438
2 5 110516 111516
1 5 110594 111594
0 5 110594 111594
3 5 110671 111671
2 5 110749 111749
1 5 110827 111827
2 5 110905 111905
3 5 110905 111905
0 5 110982 111982
1 5 111060 112060
3 5 111060 112060
2 5 111138 112138
1 5 111215 112215
0 5 111215 112215
3 5 111293 112293
2 5 111371 112371
1 5 111449 112449
3 5 111526 112526
2 5 111526 112526
0 5 111526 112526
2 5 111683 112683
0 5 111838 112838
3 5 111838 112838
1 5 111994 112994
2 5 112071 113071
0 5 112149 113149
1 5 112227 113227
2 5 112304 113304
3 5 112304 113304
1 5 112460 113460
0 5 112460 113460
3 5 112615 113615
2 5 112771 113771
0 5 112771 113771
0 5 112926 113926
2 5 112926 113926
1 5 113082 114082
3 5 113082 114082
2 5 113237 114237
1 5 113315 114315
3 5 113392 114392
2 5 113470 114470
1 5 113548 114548
0 5 113548 114548
2 5 113703 114703
3 5 113703 114703
0 5 113859 114859
1 5 114014 115014
3 5 114014 115014
2 5 114170 115170
1 5 114247 115247
0 5 114325 115325
3 5 114325 115325
2 5 114481 115481
0 5 114558 115558
1 5 114636 115636
2 5 114714 115714
3 5 114791 115791
0 5 114791 115791
0 5 114947 115947
1 5 114947 115947
2 5 115102 116102
1 5 115258 116258
3 5 115258 116258
1 5 115413 116413
3 5 115413 116413
0 5 115491 116491
2 5 115569 116569
3 5 115569 116569
1 5 115646 116646
0 5 115724 116724
2 5 115802 116802
1 5 115880 116880
3 5 115957 116957
2 5 116035 117035
0 5 116035 117035
1 5 116113 117113
2 5 116190 117190
3 5 116190 117190
0 5 116268 117268
1 5 116346 117346
3 5 116346 117346
2 5 116424 117424
1 5 116501 117501
0 5 116501 117501
3 5 116501 117501
0 5 116657 117657
3 5 116812 117812
1 5 116812 117812
2 5 116968 117968
1 5 117045 118045
3 5 117123 118123
2 5 117201 118201
1 5 117278 118278
0 5 117278 118278
2 5 117434 118434
3 5 117434 118434
0 5 117589 118589
1 5 117745 118745
3 5 117745 118745
3 5 117900 118900
1 5 117900 118900
2 5 118056 119056
0 5 118056 119056
1 5 118211 119211
2 5 118289 119289
0 5 118366 119366
1 5 118444 119444
2 5 118522 119522
3 5 118522 119522
1 5 118677 119677
0 5 118677 119677
3 5 118833 119833
2 5 118988 119988
0 5 118988 119988
1 5 119144 120144
2 5 119221 120221
3 5 119299 120299
0 5 119299 120299
1 5 119455 120455
3 5 119532 120532
2 5 119610 120610
1 5 119688 120688
0 5 119765 120765
3 5 119765 120765
3 5 119921 120921
2 5 119921 120921
1 5 120076 121076
2 5 120232 121232
0 5 120232 121232
2 5 120387 121387
0 5 120387 121387
3 5 120465 121465
1 5 120543 121543
0 5 120543 121543
2 5 120620 121620
3 5 120698 121698
1 5 120776 121776
2 5 120854 121854
0 5 120931 121931
1 5 121009 122009
3 5 121009 122009
2 5 121087 122087
1 5 121164 122164
0 5 121164 122164
3 5 121242 122242
2 5 121320 122320
0 5 121320 122320
1 5 121398 122398
2 5 121475 122475
3 5 121475 122475
0 5 121475 122475
1 5 121631 122631
2 5 121786 122786
3 5 121786 122786
0 5 121942 122942
3 5 121942 122942
1 5 121942 122942
2 5 122097 123097
1 5 122252 123252
0 5 122253 123253
0 5 122407 123407
2 5 122408 123408
3 5 122408 123408
1 5 122563 123563
2 5 122718 123718
3 5 122719 123719
1 5 122874 123874
0 5 122874 123874
3 5 122874 123874
2 5 123029 124029
1 5 123185 124185
0 5 123185 124185
0 5 123341 124341
2 5 123341 124341
3 5 123341 124341
1 5 123496 124496
2 5 123496 124496
0 5 123652 124652
1 5 123652 124652
3 5 123652 124652
1 5 123807 124807
2 5 123807 124807
0 5 123962 124962
2 5 123962 124962
3 5 123962 124962
1 5 124118 125118
2 5 124273 125273
1 5 124429 125429
0 5 124429 125429
3 5 124429 125429
2 5 124584 125584
0 5 124740 125740
1 5 124895 125895
2 5 124895 125895
3 5 124895 125895
0 5 125051 126051
3 5 125206 126206
2 5 125361 126361
1 5 125361 126361
0 5 125361 126361
3 5 125517 126517
1 5 125672 126672
0 5 125828 126828
3 5 125828 126828
2 5 125828 126828
1 5 125905 126905
2 5 125983 126983
3 5 125983 126983
0 5 126061 127061
1 5 126139 127139
3 5 126139 127139
2 5 126216 127216
1 5 126294 127294
0 5 126294 127294
2 5 126371 127371
3 5 126449 127449
0 5 126760 127760
3 5 126760 127760
2 5 126760 127760
1 5 126915 127915
2 5 127071 128071
3 5 127226 128226
0 5 128003 129003
1 5 128159 129159
2 5 128314 129314
0 5 128470 129470
