Disorder
HyuN feat. Yuri
Milky's Hard
11749
1 5 76 1076
0 5 231 1231
0 5 853 1853
1 5 853 1853
3 5 1008 2008
2 5 1164 2164
1 5 1319 2319
0 5 1475 2475
0 5 2097 3097
2 5 2097 3097
3 5 2252 3252
2 5 2407 3407
1 5 2563 3563
0 5 2718 3718
0 5 3340 4340
1 5 3340 4340
3 5 3496 4496
2 5 3651 4651
1 5 3806 4806
0 5 3962 4962
1 5 4584 5584
2 5 4584 5584
3 5 4739 5739
2 5 4894 5894
1 5 5050 6050
0 5 5205 6205
0 5 5827 6827
2 5 5827 6827
3 5 5983 6983
2 5 6138 7138
1 5 6293 7293
0 5 6449 7449
0 5 7071 8071
1 5 7071 8071
3 5 7226 8226
2 5 7382 8382
1 5 7537 8537
0 5 7692 8692
0 5 10801 11801
2 5 10801 11801
3 5 10801 11801
1 5 10957 11957
3 5 11112 12112
2 5 11112 12112
1 5 11268 12268
0 5 11423 12423
3 5 11578 12578
2 5 11578 12578
0 5 11734 12734
3 5 11734 12734
1 5 11889 12889
3 5 12045 13045
2 5 12045 13045
2 5 12200 13200
3 5 12200 13200
0 5 12356 13356
1 5 12356 13356
3 5 12511 13511
2 5 12666 13666
1 5 12822 13822
0 5 12822 13822
3 5 12977 13977
0 5 12977 13977
2 5 13133 14133
1 5 13288 14288
0 5 13288 14288
2 5 13444 14444
0 5 13599 14599
3 5 13599 14599
2 5 13755 14755
1 5 13910 14910
3 5 14065 15065
0 5 14065 15065
3 5 14221 15221
2 5 14221 15221
1 5 14376 15376
3 5 14532 15532
2 5 14532 15532
2 5 14687 15687
3 5 14687 15687
0 5 14843 15843
1 5 14843 15843
2 5 14998 15998
0 5 15154 16154
3 5 15309 16309
2 5 15309 16309
0 5 15464 16464
3 5 15464 16464
2 5 15620 16620
1 5 15620 16620
0 5 15775 16775
1 5 15775 16775
3 5 15775 16775
2 5 15931 16931
0 5 16086 17086
1 5 16086 17086
2 5 16242 17242
0 5 16397 17397
2 5 16553 17553
3 5 16553 17553
0 5 16708 17708
3 5 16708 17708
1 5 16863 17863
2 5 17019 18019
3 5 17019 18019
3 5 17174 18174
2 5 17174 18174
0 5 17330 18330
1 5 17330 18330
2 5 17485 18485
0 5 17641 18641
3 5 17796 18796
2 5 17796 18796
0 5 17951 18951
3 5 17951 18951
1 5 18107 19107
2 5 18262 19262
0 5 18262 19262
1 5 18418 19418
3 5 18573 19573
2 5 18573 19573
0 5 18729 19729
3 5 18884 19884
0 5 19040 20040
1 5 19040 20040
0 5 19195 20195
3 5 19195 20195
2 5 19350 20350
1 5 19506 20506
0 5 19506 20506
1 5 19661 20661
0 5 19661 20661
2 5 19817 20817
3 5 19817 20817
1 5 19972 20972
0 5 20128 21128
2 5 20283 21283
3 5 20283 21283
3 5 20439 21439
0 5 20439 21439
1 5 20594 21594
2 5 20594 21594
2 5 20749 21749
3 5 20749 21749
0 5 20749 21749
1 5 20905 21905
3 5 21060 22060
1 5 21216 22216
0 5 21216 22216
2 5 21371 22371
0 5 21527 22527
2 5 21682 22682
3 5 21682 22682
1 5 21837 22837
3 5 21993 22993
1 5 22148 23148
0 5 22148 23148
2 5 22304 23304
0 5 22459 23459
2 5 22615 23615
3 5 22615 23615
2 5 22770 23770
3 5 22770 23770
1 5 22926 23926
0 5 22926 23926
0 5 23081 24081
1 5 23081 24081
2 5 23236 24236
3 5 23236 24236
1 5 23392 24392
3 5 23547 24547
1 5 23703 24703
0 5 23703 24703
2 5 23858 24858
0 5 24014 25014
2 5 24169 25169
3 5 24169 25169
1 5 24325 25325
3 5 24480 25480
1 5 24635 25635
0 5 24635 25635
2 5 24791 25791
0 5 24946 25946
2 5 25102 26102
3 5 25102 26102
2 5 25257 26257
3 5 25257 26257
1 5 25413 26413
0 5 25413 26413
1 5 25568 26568
0 5 25568 26568
2 5 25723 26723
0 5 25723 26723
3 5 25723 26723
1 5 25879 26879
2 5 26034 27034
3 5 26034 27034
1 5 26190 27190
0 5 26345 27345
2 5 26501 27501
3 5 26501 27501
0 5 26656 27656
3 5 26656 27656
1 5 26812 27812
3 5 26967 27967
2 5 26967 27967
2 5 27122 28122
3 5 27122 28122
1 5 27278 28278
0 5 27278 28278
2 5 27433 28433
0 5 27589 28589
3 5 27744 28744
2 5 27744 28744
0 5 27900 28900
3 5 27900 28900
1 5 28055 29055
3 5 28211 29211
2 5 28211 29211
0 5 28366 29366
1 5 28521 29521
3 5 28521 29521
2 5 28677 29677
0 5 28832 29832
3 5 28988 29988
2 5 28988 29988
0 5 29143 30143
3 5 29143 30143
1 5 29299 30299
3 5 29454 30454
2 5 29454 30454
2 5 29609 30609
3 5 29609 30609
1 5 29765 30765
0 5 29765 30765
2 5 29920 30920
0 5 30076 31076
1 5 30231 31231
3 5 30231 31231
2 5 30387 31387
3 5 30387 31387
0 5 30542 31542
1 5 30542 31542
3 5 30698 31698
0 5 30698 31698
2 5 30698 31698
1 5 30853 31853
3 5 31008 32008
2 5 31008 32008
1 5 31164 32164
0 5 31319 32319
2 5 31475 32475
3 5 31475 32475
3 5 31630 32630
0 5 31630 32630
1 5 31786 32786
2 5 31941 32941
3 5 31941 32941
2 5 32097 33097
3 5 32097 33097
0 5 32252 33252
1 5 32252 33252
2 5 32407 33407
0 5 32563 33563
2 5 32718 33718
3 5 32718 33718
0 5 32874 33874
3 5 32874 33874
1 5 33029 34029
2 5 33185 34185
3 5 33185 34185
1 5 33340 34340
3 5 33496 34496
0 5 33496 34496
2 5 33651 34651
1 5 33806 34806
3 5 33962 34962
2 5 33962 34962
0 5 34117 35117
1 5 34117 35117
3 5 34273 35273
1 5 34428 35428
0 5 34428 35428
1 5 34584 35584
0 5 34584 35584
2 5 34739 35739
3 5 34739 35739
0 5 34894 35894
2 5 35050 36050
0 5 35205 36205
1 5 35205 36205
0 5 35361 36361
3 5 35361 36361
1 5 35516 36516
2 5 35516 36516
1 5 35672 36672
0 5 35672 36672
3 5 35672 36672
2 5 35827 36827
3 5 35983 36983
0 5 35983 36983
1 5 36138 37138
2 5 36293 37293
1 5 36449 37449
0 5 36449 37449
0 5 36604 37604
3 5 36604 37604
2 5 36760 37760
1 5 36915 37915
0 5 36915 37915
1 5 37071 38071
0 5 37071 38071
3 5 37226 38226
2 5 37226 38226
0 5 37382 38382
1 5 37537 38537
2 5 37692 38692
3 5 37692 38692
0 5 37848 38848
3 5 37848 38848
1 5 38003 39003
3 5 38159 39159
2 5 38159 39159
0 5 38314 39314
1 5 38470 39470
3 5 38470 39470
2 5 38625 39625
3 5 38780 39780
1 5 38936 39936
0 5 38936 39936
3 5 39091 40091
0 5 39091 40091
2 5 39247 40247
0 5 39402 40402
1 5 39402 40402
1 5 39558 40558
0 5 39558 40558
2 5 39713 40713
3 5 39713 40713
1 5 39869 40869
3 5 40024 41024
1 5 40179 41179
0 5 40179 41179
0 5 40335 41335
3 5 40335 41335
2 5 40490 41490
1 5 40490 41490
1 5 40646 41646
0 5 40646 41646
3 5 40646 41646
2 5 40801 41801
3 5 40957 41957
0 5 40957 41957
1 5 41112 42112
2 5 41268 42268
3 5 41268 42268
0 5 41423 42423
1 5 41423 42423
0 5 41578 42578
3 5 41578 42578
2 5 41734 42734
0 5 41889 42889
1 5 41889 42889
1 5 42045 43045
0 5 42045 43045
0 5 42200 43200
3 5 42200 43200
2 5 42356 43356
1 5 42511 43511
3 5 42666 43666
2 5 42666 43666
0 5 42822 43822
3 5 42822 43822
1 5 42977 43977
2 5 43133 44133
3 5 43133 44133
1 5 43288 44288
3 5 43444 44444
0 5 43444 44444
2 5 43599 44599
1 5 43755 44755
3 5 43910 44910
2 5 43910 44910
0 5 44065 45065
3 5 44065 45065
1 5 44221 45221
3 5 44376 45376
2 5 44376 45376
2 5 44532 45532
3 5 44532 45532
1 5 44687 45687
0 5 44687 45687
3 5 44843 45843
0 5 44998 45998
1 5 44998 45998
3 5 45154 46154
0 5 45154 46154
2 5 45309 46309
3 5 45309 46309
1 5 45464 46464
0 5 45464 46464
2 5 45620 46620
0 5 45620 46620
3 5 45620 46620
1 5 45775 46775
3 5 45931 46931
1 5 46086 47086
0 5 46086 47086
2 5 46242 47242
0 5 46397 47397
2 5 46553 47553
3 5 46553 47553
1 5 46708 47708
3 5 46863 47863
1 5 47019 48019
0 5 47019 48019
2 5 47174 48174
0 5 47330 48330
2 5 47485 48485
3 5 47485 48485
1 5 47641 48641
2 5 47796 48796
3 5 47796 48796
0 5 47951 48951
2 5 47951 48951
1 5 48107 49107
0 5 48107 49107
3 5 48262 49262
1 5 48418 49418
3 5 48573 49573
2 5 48573 49573
0 5 48729 49729
2 5 48884 49884
0 5 49040 50040
1 5 49040 50040
3 5 49195 50195
1 5 49350 50350
3 5 49506 50506
2 5 49506 50506
0 5 49661 50661
2 5 49817 50817
1 5 49972 50972
0 5 49972 50972
1 5 50128 51128
3 5 50128 51128
2 5 50283 51283
3 5 50283 51283
1 5 50594 51594
0 5 50594 51594
2 5 50749 51749
0 5 50905 51905
2 5 51060 52060
3 5 51060 52060
1 5 51216 52216
3 5 51371 52371
1 5 51527 52527
0 5 51527 52527
2 5 51682 52682
0 5 51837 52837
2 5 51993 52993
3 5 51993 52993
1 5 52148 53148
3 5 52304 53304
1 5 52459 53459
0 5 52459 53459
2 5 52615 53615
1 5 52770 53770
0 5 52770 53770
1 5 52926 53926
3 5 52926 53926
3 5 53081 54081
2 5 53081 54081
0 5 53236 54236
2 5 53392 54392
0 5 53547 54547
1 5 53547 54547
3 5 53703 54703
1 5 53858 54858
3 5 54014 55014
2 5 54014 55014
0 5 54169 55169
2 5 54325 55325
0 5 54480 55480
1 5 54480 55480
3 5 54635 55635
1 5 54791 55791
3 5 54946 55946
2 5 54946 55946
2 5 55257 56257
1 5 55568 56568
0 5 55568 56568
2 5 55723 56723
0 5 55879 56879
2 5 56034 57034
3 5 56034 57034
1 5 56190 57190
3 5 56345 57345
1 5 56501 57501
0 5 56501 57501
2 5 56656 57656
0 5 56812 57812
2 5 56967 57967
3 5 56967 57967
1 5 57122 58122
3 5 57278 58278
1 5 57433 58433
0 5 57433 58433
2 5 57589 58589
0 5 57744 58744
1 5 57744 58744
1 5 57900 58900
3 5 57900 58900
3 5 58055 59055
2 5 58055 59055
0 5 58211 59211
2 5 58366 59366
0 5 58521 59521
1 5 58521 59521
3 5 58677 59677
1 5 58832 59832
3 5 58988 59988
2 5 58988 59988
0 5 59143 60143
2 5 59299 60299
0 5 59454 60454
1 5 59454 60454
3 5 59609 60609
1 5 59765 60765
3 5 59920 60920
2 5 59920 60920
0 5 60076 61076
2 5 60076 61076
1 5 60231 61231
0 5 60231 61231
2 5 60542 61542
3 5 60542 61542
1 5 60698 61698
3 5 60853 61853
1 5 61008 62008
0 5 61008 62008
2 5 61164 62164
0 5 61319 62319
2 5 61475 62475
3 5 61475 62475
1 5 61630 62630
3 5 61786 62786
1 5 61941 62941
0 5 61941 62941
2 5 62097 63097
0 5 62252 63252
2 5 62407 63407
3 5 62407 63407
1 5 62563 63563
2 5 62718 63718
3 5 62718 63718
1 5 62874 63874
0 5 62874 63874
3 5 63029 64029
0 5 63029 64029
2 5 63029 64029
1 5 63185 64185
3 5 63340 64340
1 5 63496 64496
0 5 63496 64496
2 5 63651 64651
0 5 63806 64806
3 5 63962 64962
2 5 63962 64962
1 5 64117 65117
2 5 64273 65273
3 5 64273 65273
1 5 64428 65428
3 5 64584 65584
0 5 64584 65584
2 5 64739 65739
0 5 65516 66516
1 5 65516 66516
3 5 65516 66516
0 5 66293 67293
1 5 66449 67449
2 5 66604 67604
3 5 66760 67760
0 5 66760 67760
2 5 67537 68537
1 5 67692 68692
3 5 67848 68848
2 5 68003 69003
0 5 68003 69003
2 5 68780 69780
3 5 68936 69936
0 5 69091 70091
1 5 69247 70247
3 5 69247 70247
2 5 70024 71024
3 5 70179 71179
1 5 70335 71335
2 5 70490 71490
3 5 70490 71490
1 5 71423 72423
2 5 71578 72578
3 5 71734 72734
0 5 71734 72734
2 5 72511 73511
1 5 72666 73666
3 5 72822 73822
2 5 72977 73977
0 5 72977 73977
1 5 73755 74755
2 5 73910 74910
3 5 74065 75065
1 5 74221 75221
0 5 74221 75221
1 5 75464 76464
2 5 75464 76464
3 5 75464 76464
2 5 76242 77242
1 5 76397 77397
0 5 76553 77553
3 5 76708 77708
2 5 76708 77708
1 5 77485 78485
2 5 77641 78641
1 5 77796 78796
3 5 77951 78951
0 5 77951 78951
1 5 78418 79418
2 5 78884 79884
1 5 79117 80117
0 5 79195 80195
3 5 79195 80195
2 5 79817 80817
1 5 80439 81439
0 5 80439 81439
3 5 81216 82216
2 5 81371 82371
1 5 81527 82527
0 5 81682 82682
3 5 81682 82682
2 5 82304 83304
1 5 82926 83926
0 5 82926 83926
2 5 83392 84392
1 5 83858 84858
3 5 84169 85169
0 5 84169 85169
3 5 84791 85791
1 5 85413 86413
0 5 85413 86413
3 5 85568 86568
2 5 85723 86723
1 5 85879 86879
0 5 86034 87034
0 5 86656 87656
2 5 86656 87656
3 5 86812 87812
2 5 86967 87967
1 5 87122 88122
0 5 87278 88278
0 5 87900 88900
1 5 87900 88900
3 5 88055 89055
2 5 88211 89211
1 5 88366 89366
0 5 88521 89521
1 5 91008 92008
2 5 91319 92319
3 5 91630 92630
1 5 91630 92630
0 5 91630 92630
2 5 91786 92786
3 5 91863 92863
1 5 91941 92941
0 5 91941 92941
2 5 92097 93097
0 5 92252 93252
2 5 92407 93407
3 5 92407 93407
0 5 92563 93563
3 5 92563 93563
1 5 92718 93718
2 5 92874 93874
3 5 92874 93874
2 5 93029 94029
3 5 93029 94029
1 5 93185 94185
0 5 93185 94185
2 5 93340 94340
3 5 93496 94496
1 5 93651 94651
0 5 93651 94651
3 5 93806 94806
0 5 93806 94806
2 5 93962 94962
1 5 94117 95117
3 5 94117 95117
2 5 94273 95273
1 5 94428 95428
0 5 94428 95428
3 5 94584 95584
1 5 94739 95739
3 5 94894 95894
2 5 94894 95894
3 5 95050 96050
0 5 95050 96050
1 5 95205 96205
2 5 95361 96361
3 5 95361 96361
2 5 95516 96516
3 5 95516 96516
0 5 95672 96672
1 5 95672 96672
3 5 95827 96827
0 5 95983 96983
2 5 96138 97138
3 5 96138 97138
0 5 96293 97293
3 5 96293 97293
1 5 96449 97449
2 5 96449 97449
3 5 96604 97604
0 5 96604 97604
1 5 96604 97604
2 5 96760 97760
0 5 96915 97915
3 5 96915 97915
1 5 97071 98071
3 5 97226 98226
1 5 97382 98382
0 5 97382 98382
3 5 97537 98537
2 5 97537 98537
1 5 97692 98692
2 5 97848 98848
3 5 97848 98848
2 5 98003 99003
3 5 98003 99003
1 5 98159 99159
0 5 98159 99159
3 5 98314 99314
2 5 98470 99470
0 5 98625 99625
1 5 98625 99625
0 5 98780 99780
3 5 98780 99780
2 5 98936 99936
0 5 99091 100091
1 5 99091 100091
2 5 99247 100247
0 5 99402 100402
3 5 99402 100402
1 5 99558 100558
2 5 99713 100713
1 5 99869 100869
0 5 99869 100869
0 5 100024 101024
3 5 100024 101024
2 5 100179 101179
1 5 100335 101335
0 5 100335 101335
1 5 100490 101490
0 5 100490 101490
3 5 100646 101646
2 5 100646 101646
1 5 100801 101801
0 5 100957 101957
3 5 101112 102112
2 5 101112 102112
0 5 101268 102268
3 5 101268 102268
2 5 101423 102423
1 5 101578 102578
0 5 101578 102578
3 5 102200 103200
2 5 102200 103200
0 5 102356 103356
1 5 102356 103356
3 5 102511 103511
2 5 102511 103511
0 5 102666 103666
1 5 102666 103666
3 5 102822 103822
2 5 102822 103822
1 5 103055 104055
0 5 103055 104055
3 5 103288 104288
2 5 103288 104288
1 5 103444 104444
0 5 103444 104444
2 5 103599 104599
1 5 103755 104755
3 5 103755 104755
0 5 103910 104910
2 5 104065 105065
3 5 104065 105065
1 5 104221 105221
0 5 104376 105376
2 5 104376 105376
3 5 104532 105532
1 5 104687 105687
3 5 104843 105843
2 5 104843 105843
0 5 104998 105998
3 5 104998 105998
1 5 105154 106154
2 5 105309 106309
3 5 105309 106309
1 5 105464 106464
3 5 105620 106620
0 5 105620 106620
2 5 105775 106775
1 5 105931 106931
3 5 106086 107086
2 5 106086 107086
0 5 106242 107242
3 5 106242 107242
2 5 106397 107397
1 5 106397 107397
0 5 106553 107553
2 5 106553 107553
3 5 106553 107553
1 5 106708 107708
3 5 106863 107863
0 5 106863 107863
2 5 107019 108019
1 5 107174 108174
2 5 107330 108330
3 5 107330 108330
0 5 107485 108485
3 5 107485 108485
1 5 107641 108641
2 5 107796 108796
3 5 107796 108796
2 5 107951 108951
3 5 107951 108951
0 5 108107 109107
1 5 108107 109107
2 5 108262 109262
0 5 108418 109418
3 5 108573 109573
2 5 108573 109573
3 5 108729 109729
0 5 108729 109729
1 5 108884 109884
2 5 109040 110040
3 5 109040 110040
1 5 109195 110195
0 5 109350 110350
3 5 109350 110350
2 5 109506 110506
1 5 109661 110661
3 5 109817 110817
2 5 109817 110817
1 5 109972 110972
0 5 109972 110972
3 5 110128 111128
1 5 110283 111283
0 5 110283 111283
2 5 110283 111283
1 5 110439 111439
0 5 110439 111439
2 5 110594 111594
3 5 110594 111594
1 5 110749 111749
0 5 110905 111905
2 5 110905 111905
3 5 110905 111905
2 5 111060 112060
3 5 111060 112060
1 5 111216 112216
0 5 111216 112216
2 5 111371 112371
3 5 111527 112527
1 5 111527 112527
0 5 111527 112527
2 5 111682 112682
3 5 111837 112837
0 5 111837 112837
1 5 111993 112993
2 5 112148 113148
3 5 112304 113304
0 5 112304 113304
1 5 112459 113459
0 5 112459 113459
2 5 112615 113615
0 5 112770 113770
1 5 112770 113770
1 5 112926 113926
0 5 112926 113926
3 5 113081 114081
2 5 113081 114081
1 5 113236 114236
0 5 113392 114392
2 5 113547 114547
3 5 113547 114547
0 5 113703 114703
3 5 113703 114703
1 5 113858 114858
3 5 114014 115014
2 5 114014 115014
1 5 114169 115169
3 5 114325 115325
0 5 114325 115325
2 5 114480 115480
1 5 114635 115635
3 5 114791 115791
2 5 114791 115791
3 5 114946 115946
0 5 114946 115946
1 5 115102 116102
3 5 115257 116257
2 5 115257 116257
2 5 115413 116413
3 5 115413 116413
0 5 115568 116568
1 5 115568 116568
2 5 115723 116723
3 5 115879 116879
1 5 116034 117034
0 5 116034 117034
3 5 116190 117190
0 5 116190 117190
2 5 116345 117345
1 5 116345 117345
3 5 116501 117501
0 5 116501 117501
2 5 116501 117501
1 5 116656 117656
2 5 116812 117812
3 5 116812 117812
0 5 116967 117967
2 5 117122 118122
1 5 117278 118278
0 5 117278 118278
3 5 117433 118433
0 5 117433 118433
2 5 117589 118589
1 5 117744 118744
0 5 117744 118744
1 5 117900 118900
0 5 117900 118900
3 5 118055 119055
2 5 118055 119055
0 5 118211 119211
1 5 118366 119366
2 5 118521 119521
3 5 118521 119521
0 5 118677 119677
3 5 118677 119677
1 5 118832 119832
2 5 118988 119988
3 5 118988 119988
1 5 119143 120143
3 5 119299 120299
0 5 119299 120299
2 5 119454 120454
1 5 119609 120609
2 5 119765 120765
3 5 119765 120765
3 5 119920 120920
0 5 119920 120920
1 5 120076 121076
3 5 120231 121231
2 5 120231 121231
2 5 120387 121387
3 5 120387 121387
0 5 120542 121542
1 5 120542 121542
2 5 120698 121698
3 5 120853 121853
1 5 121008 122008
0 5 121008 122008
0 5 121164 122164
3 5 121164 122164
1 5 121319 122319
2 5 121319 122319
2 5 121475 122475
0 5 121475 122475
3 5 121475 122475
1 5 121630 122630
2 5 121786 122786
3 5 121786 122786
3 5 121941 122941
0 5 121941 122941
2 5 122097 123097
1 5 122252 123252
0 5 122252 123252
0 5 122407 123407
3 5 122407 123407
1 5 122563 123563
2 5 122718 123718
3 5 122718 123718
3 5 122874 123874
0 5 122874 123874
2 5 123029 124029
1 5 123185 124185
0 5 123185 124185
2 5 123340 124340
3 5 123340 124340
2 5 123496 124496
3 5 123496 124496
1 5 123651 124651
0 5 123651 124651
0 5 123806 124806
1 5 123806 124806
2 5 123962 124962
3 5 123962 124962
1 5 124117 125117
3 5 124273 125273
1 5 124428 125428
0 5 124428 125428
2 5 124584 125584
0 5 124739 125739
2 5 124894 125894
3 5 124894 125894
1 5 125050 126050
3 5 125205 126205
1 5 125361 126361
0 5 125361 126361
2 5 125516 126516
0 5 125672 126672
2 5 125827 126827
3 5 125827 126827
3 5 125983 126983
2 5 125983 126983
1 5 126138 127138
0 5 126138 127138
0 5 126293 127293
1 5 126293 127293
0 5 126760 127760
3 5 126760 127760
2 5 126760 127760
1 5 126915 127915
2 5 127071 128071
3 5 127226 128226
0 5 128003 129003
1 5 128159 129159
2 5 128314 129314
3 5 128470 129470
