Disorder
HyuN feat. Yuri
Normal
11749
1 5 76 1076
0 5 231 1231
3 5 853 1853
0 5 1008 2008
1 5 1164 2164
2 5 1319 2319
3 5 1475 2475
1 5 2097 3097
3 5 2252 3252
2 5 2407 3407
1 5 2563 3563
0 5 2718 3718
2 5 3340 4340
0 5 3496 4496
1 5 3651 4651
2 5 3806 4806
3 5 3962 4962
0 5 4584 5584
3 5 4739 5739
2 5 4894 5894
1 5 5050 6050
0 5 5205 6205
3 5 5827 6827
0 5 5983 6983
1 5 6138 7138
2 5 6293 7293
3 5 6449 7449
0 5 7071 8071
3 5 7226 8226
2 5 7382 8382
1 5 7537 8537
0 5 7692 8692
0 5 10801 11801
3 5 10801 11801
2 5 11112 12112
1 5 11112 12112
0 5 11578 12578
3 5 11734 12734
2 5 11734 12734
1 5 12045 13045
2 5 12200 13200
3 5 12356 13356
0 5 12356 13356
3 5 12822 13822
0 5 12977 13977
1 5 12977 13977
2 5 13288 14288
1 5 13599 14599
3 5 13599 14599
0 5 14065 15065
2 5 14221 15221
3 5 14221 15221
1 5 14532 15532
2 5 14687 15687
3 5 14843 15843
0 5 14843 15843
1 5 15309 16309
0 5 15464 16464
2 5 15464 16464
3 5 15620 16620
1 5 15775 16775
0 5 15775 16775
2 5 16086 17086
3 5 16086 17086
0 5 16553 17553
1 5 16708 17708
3 5 16708 17708
2 5 17019 18019
1 5 17174 18174
0 5 17330 18330
3 5 17330 18330
0 5 17796 18796
2 5 17951 18951
3 5 17951 18951
1 5 18262 19262
0 5 18573 19573
2 5 18573 19573
3 5 19040 20040
1 5 19195 20195
0 5 19195 20195
2 5 19506 20506
1 5 19661 20661
0 5 19817 20817
3 5 19817 20817
2 5 20283 21283
1 5 20439 21439
3 5 20439 21439
0 5 20594 21594
2 5 20749 21749
3 5 20749 21749
3 5 21216 22216
2 5 21216 22216
1 5 21682 22682
0 5 21682 22682
0 5 22148 23148
1 5 22148 23148
3 5 22615 23615
1 5 22770 23770
2 5 22926 23926
0 5 23081 24081
2 5 23236 24236
3 5 23236 24236
2 5 23703 24703
3 5 23703 24703
0 5 24169 25169
1 5 24169 25169
1 5 24635 25635
0 5 24635 25635
0 5 25102 26102
2 5 25257 26257
1 5 25413 26413
3 5 25568 26568
0 5 25723 26723
2 5 25723 26723
1 5 26034 27034
3 5 26034 27034
0 5 26501 27501
2 5 26656 27656
3 5 26656 27656
1 5 26967 27967
2 5 27122 28122
0 5 27278 28278
3 5 27278 28278
3 5 27744 28744
1 5 27900 28900
0 5 27900 28900
2 5 28211 29211
3 5 28521 29521
1 5 28521 29521
0 5 28988 29988
2 5 29143 30143
3 5 29143 30143
1 5 29454 30454
2 5 29609 30609
3 5 29765 30765
0 5 29765 30765
2 5 30231 31231
3 5 30387 31387
0 5 30387 31387
1 5 30542 31542
2 5 30698 31698
3 5 30698 31698
1 5 31008 32008
0 5 31008 32008
3 5 31475 32475
2 5 31630 32630
0 5 31630 32630
1 5 31941 32941
2 5 32097 33097
3 5 32252 33252
0 5 32252 33252
3 5 32718 33718
1 5 32874 33874
0 5 32874 33874
2 5 33185 34185
1 5 33496 34496
3 5 33496 34496
0 5 33962 34962
2 5 34117 35117
3 5 34117 35117
1 5 34428 35428
2 5 34584 35584
3 5 34739 35739
0 5 34739 35739
1 5 35205 36205
0 5 35361 36361
2 5 35361 36361
3 5 35516 36516
0 5 35672 36672
1 5 35672 36672
1 5 35983 36983
3 5 35983 36983
0 5 36450 37450
2 5 36605 37605
3 5 36605 37605
1 5 36916 37916
2 5 37071 38071
0 5 37227 38227
3 5 37227 38227
3 5 37693 38693
1 5 37849 38849
0 5 37849 38849
2 5 38160 39160
3 5 38470 39470
1 5 38470 39470
0 5 38937 39937
2 5 39092 40092
3 5 39092 40092
1 5 39403 40403
2 5 39558 40558
3 5 39714 40714
0 5 39714 40714
2 5 40180 41180
3 5 40336 41336
0 5 40336 41336
1 5 40491 41491
2 5 40647 41647
3 5 40647 41647
1 5 40957 41957
0 5 40957 41957
3 5 41424 42424
2 5 41579 42579
0 5 41579 42579
1 5 41890 42890
2 5 42046 43046
3 5 42201 43201
0 5 42201 43201
3 5 42667 43667
1 5 42823 43823
0 5 42823 43823
2 5 43134 44134
1 5 43445 44445
3 5 43445 44445
0 5 43911 44911
2 5 44066 45066
3 5 44066 45066
0 5 44376 45376
1 5 44377 45377
2 5 44533 45533
3 5 44688 45688
0 5 44688 45688
2 5 44998 45998
3 5 44998 45998
1 5 45154 46154
0 5 45310 46310
2 5 45310 46310
3 5 45465 46465
0 5 45621 46621
1 5 45621 46621
0 5 46086 47086
1 5 46086 47086
2 5 46553 47553
3 5 46553 47553
2 5 47019 48019
3 5 47019 48019
0 5 47485 48485
1 5 47485 48485
2 5 47796 48796
1 5 47951 48951
0 5 48107 49107
3 5 48107 49107
3 5 48573 49573
0 5 48573 49573
1 5 49040 50040
2 5 49040 50040
1 5 49506 50506
2 5 49506 50506
0 5 49972 50972
1 5 50128 51128
2 5 50283 51283
3 5 50283 51283
1 5 50594 51594
0 5 50594 51594
0 5 51060 52060
1 5 51060 52060
2 5 51527 52527
3 5 51527 52527
2 5 51993 52993
3 5 51993 52993
1 5 52459 53459
0 5 52459 53459
2 5 52770 53770
1 5 52926 53926
0 5 53081 54081
3 5 53081 54081
0 5 53547 54547
3 5 53547 54547
1 5 54014 55014
2 5 54014 55014
2 5 54480 55480
1 5 54480 55480
3 5 54946 55946
0 5 54946 55946
1 5 55568 56568
3 5 55568 56568
1 5 56034 57034
3 5 56034 57034
2 5 56501 57501
0 5 56501 57501
0 5 56967 57967
2 5 56967 57967
1 5 57433 58433
3 5 57433 58433
0 5 57744 58744
1 5 57900 58900
2 5 58055 59055
3 5 58055 59055
2 5 58521 59521
3 5 58521 59521
1 5 58988 59988
0 5 58988 59988
0 5 59454 60454
1 5 59454 60454
3 5 59920 60920
2 5 60076 61076
1 5 60231 61231
0 5 60231 61231
3 5 60542 61542
1 5 60698 61698
3 5 60853 61853
0 5 61008 62008
2 5 61164 62164
0 5 61319 62319
3 5 61475 62475
2 5 61630 62630
3 5 61786 62786
0 5 61941 62941
1 5 62097 63097
0 5 62252 63252
3 5 62407 63407
2 5 62563 63563
1 5 62718 63718
0 5 62874 63874
2 5 63029 64029
3 5 63185 64185
1 5 63340 64340
2 5 63496 64496
0 5 63651 64651
3 5 63806 64806
0 5 63962 64962
3 5 64117 65117
0 5 64273 65273
2 5 64428 65428
0 5 64584 65584
2 5 64739 65739
0 5 65516 66516
3 5 65516 66516
2 5 65827 66827
1 5 66138 67138
0 5 66449 67449
2 5 66760 67760
1 5 67071 68071
3 5 67382 68382
3 5 68314 69314
1 5 68625 69625
2 5 68936 69936
1 5 69247 70247
3 5 69558 70558
0 5 69869 70869
3 5 70801 71801
2 5 71112 72112
1 5 71423 72423
3 5 71734 72734
0 5 72045 73045
2 5 72356 73356
0 5 72666 73666
3 5 72977 73977
1 5 73444 74444
3 5 73599 74599
0 5 73832 74832
1 5 74065 75065
2 5 74221 75221
0 5 74532 75532
2 5 74843 75843
0 5 75464 76464
3 5 75464 76464
1 5 76086 77086
2 5 76397 77397
1 5 76553 77553
0 5 76708 77708
3 5 77019 78019
1 5 77641 78641
3 5 77951 78951
0 5 78418 79418
2 5 78884 79884
1 5 79195 80195
3 5 80749 81749
2 5 81060 82060
1 5 81371 82371
3 5 81682 82682
0 5 81993 82993
2 5 82304 83304
0 5 82615 83615
3 5 82926 83926
1 5 83392 84392
3 5 83547 84547
0 5 83780 84780
1 5 83962 84962
2 5 84169 85169
0 5 84480 85480
2 5 84791 85791
0 5 85413 86413
3 5 85568 86568
2 5 85723 86723
1 5 85879 86879
0 5 86034 87034
3 5 86656 87656
0 5 86812 87812
1 5 86967 87967
2 5 87122 88122
3 5 87278 88278
0 5 87900 88900
3 5 88055 89055
2 5 88211 89211
1 5 88366 89366
0 5 88521 89521
1 5 91008 92008
2 5 91319 92319
0 5 91630 92630
3 5 91630 92630
1 5 91942 92942
3 5 91942 92942
0 5 92409 93409
2 5 92564 93564
3 5 92564 93564
1 5 92875 93875
2 5 93030 94030
0 5 93186 94186
3 5 93186 94186
3 5 93652 94652
1 5 93808 94808
0 5 93808 94808
2 5 94119 95119
3 5 94429 95429
1 5 94429 95429
0 5 94896 95896
2 5 95051 96051
3 5 95051 96051
1 5 95362 96362
2 5 95517 96517
3 5 95673 96673
0 5 95673 96673
2 5 96139 97139
3 5 96295 97295
0 5 96295 97295
1 5 96450 97450
2 5 96606 97606
3 5 96606 97606
1 5 96916 97916
0 5 96916 97916
3 5 97383 98383
2 5 97538 98538
0 5 97538 98538
1 5 97849 98849
2 5 98005 99005
3 5 98160 99160
0 5 98160 99160
3 5 98626 99626
1 5 98782 99782
0 5 98782 99782
2 5 99093 100093
1 5 99404 100404
3 5 99404 100404
0 5 99870 100870
2 5 100025 101025
3 5 100025 101025
1 5 100336 101336
2 5 100492 101492
3 5 100647 101647
0 5 100647 101647
1 5 101113 102113
0 5 101269 102269
2 5 101269 102269
3 5 101424 102424
0 5 101580 102580
1 5 101580 102580
3 5 102200 103200
0 5 102356 103356
3 5 102511 103511
0 5 102666 103666
2 5 102822 103822
2 5 103055 104055
2 5 103288 104288
0 5 103444 104444
3 5 103599 104599
0 5 103755 104755
3 5 103910 104910
0 5 104065 105065
1 5 104065 105065
3 5 104378 105378
1 5 104378 105378
0 5 104845 105845
2 5 105000 106000
3 5 105000 106000
1 5 105311 106311
2 5 105466 106466
3 5 105622 106622
0 5 105622 106622
2 5 106088 107088
3 5 106244 107244
0 5 106244 107244
1 5 106399 107399
2 5 106555 107555
3 5 106555 107555
1 5 106865 107865
0 5 106865 107865
3 5 107332 108332
2 5 107487 108487
0 5 107487 108487
1 5 107798 108798
2 5 107954 108954
3 5 108109 109109
0 5 108109 109109
3 5 108575 109575
1 5 108731 109731
0 5 108731 109731
2 5 109042 110042
1 5 109353 110353
3 5 109353 110353
0 5 109819 110819
2 5 109974 110974
3 5 109974 110974
0 5 110284 111284
1 5 110285 111285
2 5 110441 111441
3 5 110596 111596
0 5 110596 111596
2 5 110906 111906
3 5 110906 111906
1 5 111062 112062
3 5 111216 112216
0 5 111218 112218
2 5 111371 112371
3 5 111527 112527
0 5 111529 112529
2 5 111838 112838
1 5 111838 112838
0 5 112304 113304
3 5 112460 113460
2 5 112460 113460
1 5 112771 113771
2 5 112926 113926
3 5 113082 114082
0 5 113082 114082
3 5 113548 114548
0 5 113703 114703
1 5 113703 114703
2 5 114014 115014
1 5 114325 115325
3 5 114325 115325
0 5 114791 115791
2 5 114947 115947
3 5 114947 115947
1 5 115258 116258
2 5 115413 116413
3 5 115569 116569
0 5 115569 116569
1 5 116035 117035
0 5 116190 117190
2 5 116190 117190
3 5 116346 117346
1 5 116501 117501
0 5 116501 117501
2 5 116812 117812
3 5 116812 117812
0 5 117279 118279
1 5 117434 118434
3 5 117434 118434
2 5 117745 118745
1 5 117900 118900
0 5 118056 119056
3 5 118056 119056
0 5 118522 119522
2 5 118677 119677
3 5 118677 119677
1 5 118988 119988
0 5 119299 120299
2 5 119299 120299
3 5 119766 120766
1 5 119921 120921
0 5 119921 120921
2 5 120232 121232
1 5 120387 121387
0 5 120543 121543
3 5 120543 121543
2 5 121009 122009
1 5 121165 122165
3 5 121165 122165
0 5 121320 122320
2 5 121475 122475
3 5 121475 122475
3 5 121786 122786
0 5 121942 122942
1 5 121942 122942
0 5 122252 123252
2 5 122407 123407
3 5 122408 123408
3 5 122718 123718
0 5 122874 123874
1 5 122874 123874
0 5 123185 124185
3 5 123341 124341
1 5 123496 124496
2 5 123652 124652
0 5 123807 124807
2 5 123962 124962
3 5 123962 124962
0 5 124429 125429
1 5 124429 125429
0 5 124895 125895
3 5 124895 125895
1 5 125361 126361
2 5 125361 126361
0 5 125828 126828
2 5 125983 126983
1 5 126139 127139
3 5 126294 127294
0 5 126760 127760
3 5 126760 127760
1 5 126915 127915
2 5 127071 128071
3 5 127226 128226
1 5 128003 129003
2 5 128159 129159
0 5 128314 129314
1 5 128470 129470
