Fury of the Storm
DragonForce
Boundaries of Hell and Starlight
108815
2 5 12 1012
0 5 162 1162
3 5 312 1312
1 5 312 1312
2 5 462 1462
3 5 762 1762
0 5 1062 2062
0 5 1362 2362
3 5 1662 2662
1 5 1662 2662
3 5 1962 2962
0 5 2262 3262
3 5 2562 3562
3 5 2862 3862
3 5 3012 4012
0 5 3162 4162
0 5 3312 4312
3 5 3462 4462
0 5 3612 4612
2 5 3762 4762
1 5 4062 5062
0 5 4062 5062
1 5 4512 5512
2 5 4812 5812
0 5 5262 6262
3 5 5562 6562
0 5 5862 6862
0 5 6162 7162
1 5 6462 7462
3 5 6462 7462
2 5 6762 7762
1 5 7062 8062
3 5 7062 8062
3 5 7362 8362
1 5 7662 8662
3 5 7662 8662
3 5 7962 8962
2 5 8262 9262
1 5 8262 9262
1 5 8487 9487
0 5 8562 9562
1 5 8862 9862
3 5 8937 9937
0 5 9012 10012
3 5 9162 10162
0 5 9237 10237
3 5 9312 10312
3 5 9462 10462
1 5 9537 10537
3 5 9612 10612
2 5 9687 10687
0 5 9762 10762
3 5 9837 10837
1 5 9912 10912
0 5 10062 11062
2 5 10137 11137
1 5 10212 11212
2 5 10362 11362
1 5 10437 11437
0 5 10512 11512
2 5 10662 11662
3 5 10737 11737
2 5 10812 11812
3 5 10887 11887
1 5 10962 11962
0 5 11112 12112
1 5 11187 12187
0 5 11262 12262
1 5 11412 12412
0 5 11487 12487
3 5 11562 12562
2 5 11712 12712
3 5 11787 12787
2 5 11862 12862
0 5 11937 12937
1 5 12012 13012
0 5 12162 13162
2 5 12237 13237
0 5 12312 13312
2 5 12387 13387
0 5 12462 13462
3 5 12612 13612
2 5 12687 13687
3 5 12762 13762
0 5 12912 13912
1 5 12987 13987
0 5 13062 14062
3 5 13212 14212
2 5 13287 14287
0 5 13437 14437
0 5 13587 14587
3 5 13662 14662
1 5 13812 14812
2 5 13887 14887
3 5 13962 14962
1 5 14112 15112
0 5 14187 15187
2 5 14262 15262
0 5 14337 15337
1 5 14412 15412
0 5 14562 15562
2 5 14637 15637
0 5 14712 15712
2 5 14787 15787
0 5 14862 15862
1 5 15012 16012
0 5 15087 16087
3 5 15162 16162
2 5 15312 16312
3 5 15387 16387
2 5 15462 16462
0 5 15537 16537
1 5 15612 16612
0 5 15762 16762
2 5 15837 16837
0 5 15912 16912
2 5 15987 16987
3 5 16062 17062
1 5 16212 17212
0 5 16287 17287
3 5 16362 17362
2 5 16512 17512
3 5 16587 17587
2 5 16662 17662
0 5 16737 17737
1 5 16812 17812
0 5 16962 17962
2 5 17037 18037
0 5 17112 18112
3 5 17187 18187
1 5 17262 18262
2 5 17412 18412
0 5 17487 18487
2 5 17562 18562
1 5 17712 18712
3 5 17787 18787
1 5 17862 18862
2 5 18012 19012
0 5 18087 19087
3 5 18237 19237
3 5 18387 19387
2 5 18462 19462
0 5 18612 19612
2 5 18687 19687
0 5 18762 19762
1 5 18912 19912
0 5 18987 19987
1 5 19062 20062
0 5 19212 20212
1 5 19287 20287
0 5 19362 20362
1 5 19512 20512
1 5 19662 20662
3 5 19737 20737
0 5 19812 20812
0 5 19962 20962
2 5 20037 21037
1 5 20112 21112
1 5 20262 21262
3 5 20337 21337
1 5 20412 21412
2 5 20562 21562
1 5 20637 21637
0 5 20712 21712
1 5 20862 21862
3 5 20937 21937
0 5 21012 22012
3 5 21162 22162
0 5 21237 22237
2 5 21312 22312
0 5 21462 22462
2 5 21537 22537
0 5 21612 22612
2 5 21687 22687
0 5 21762 22762
2 5 21837 22837
0 5 21912 22912
1 5 22062 23062
3 5 22137 23137
0 5 22212 23212
0 5 22362 23362
2 5 22437 23437
1 5 22512 23512
3 5 22662 23662
0 5 22737 23737
1 5 22812 23812
1 5 22962 23962
3 5 22962 23962
3 5 23112 24112
0 5 23262 24262
2 5 23337 24337
3 5 23412 24412
2 5 23562 24562
1 5 23637 24637
2 5 23712 24712
0 5 23862 24862
2 5 23937 24937
1 5 24012 25012
2 5 24162 25162
1 5 24237 25237
0 5 24312 25312
1 5 24462 25462
0 5 24537 25537
2 5 24612 25612
0 5 24762 25762
1 5 24837 25837
0 5 24912 25912
1 5 25062 26062
0 5 25137 26137
2 5 25212 26212
0 5 25362 26362
2 5 25437 26437
3 5 25512 26512
2 5 25662 26662
3 5 25737 26737
2 5 25812 26812
3 5 25887 26887
3 5 26037 27037
2 5 26112 27112
0 5 26187 27187
2 5 26262 27262
1 5 26412 27412
3 5 26487 27487
0 5 26562 27562
3 5 26637 27637
0 5 26712 27712
1 5 26862 27862
0 5 29262 30262
2 5 29337 30337
0 5 29412 30412
2 5 29562 30562
0 5 29637 30637
3 5 29712 30712
1 5 29862 30862
3 5 29937 30937
1 5 30012 31012
2 5 30162 31162
1 5 30237 31237
3 5 30312 31312
3 5 30462 31462
2 5 30537 31537
3 5 30612 31612
3 5 30762 31762
0 5 30837 31837
3 5 30912 31912
1 5 31062 32062
3 5 31137 32137
2 5 31212 32212
3 5 31362 32362
1 5 31437 32437
2 5 31512 32512
2 5 31662 32662
3 5 31737 32737
0 5 31812 32812
2 5 31962 32962
0 5 32037 33037
3 5 32112 33112
1 5 32262 33262
2 5 32337 33337
3 5 32412 33412
2 5 32562 33562
1 5 32637 33637
3 5 32712 33712
2 5 32862 33862
3 5 32937 33937
2 5 33012 34012
2 5 33162 34162
0 5 33237 34237
3 5 33312 34312
1 5 33462 34462
2 5 33537 34537
1 5 33612 34612
3 5 33762 34762
1 5 33837 34837
2 5 33987 34987
0 5 34062 35062
2 5 34137 35137
0 5 34212 35212
2 5 34362 35362
0 5 34437 35437
3 5 34512 35512
1 5 34662 35662
3 5 34737 35737
1 5 34812 35812
2 5 34962 35962
1 5 35037 36037
3 5 35112 36112
3 5 35262 36262
2 5 35337 36337
3 5 35412 36412
3 5 35562 36562
0 5 35637 36637
3 5 35712 36712
1 5 35862 36862
3 5 35937 36937
2 5 36012 37012
3 5 36162 37162
1 5 36237 37237
2 5 36312 37312
2 5 36462 37462
3 5 36537 37537
0 5 36612 37612
2 5 36762 37762
0 5 36837 37837
3 5 36912 37912
1 5 37062 38062
2 5 37137 38137
3 5 37212 38212
2 5 37362 38362
1 5 37437 38437
3 5 37512 38512
3 5 37662 38662
2 5 37737 38737
3 5 37812 38812
2 5 37887 38887
3 5 37962 38962
2 5 38037 39037
3 5 38112 39112
2 5 38187 39187
3 5 38262 39262
1 5 38337 39337
1 5 38487 39487
0 5 38637 39637
3 5 38787 39787
1 5 38862 39862
3 5 38937 39937
1 5 39012 40012
3 5 39162 40162
1 5 39237 40237
2 5 39312 40312
0 5 39462 40462
2 5 39537 40537
0 5 39612 40612
3 5 39762 40762
0 5 39837 40837
2 5 39912 40912
2 5 40062 41062
3 5 40137 41137
2 5 40212 41212
2 5 40362 41362
1 5 40437 41437
2 5 40512 41512
0 5 40662 41662
2 5 40737 41737
3 5 40812 41812
2 5 40962 41962
0 5 41037 42037
3 5 41112 42112
3 5 41262 42262
2 5 41337 42337
1 5 41412 42412
3 5 41562 42562
1 5 41637 42637
2 5 41712 42712
0 5 41862 42862
3 5 41937 42937
2 5 42012 43012
3 5 42162 43162
0 5 42237 43237
2 5 42312 43312
1 5 42462 43462
3 5 42462 43462
1 5 42612 43612
3 5 42612 43612
3 5 42762 43762
3 5 42912 43912
0 5 42912 43912
1 5 43062 44062
0 5 43062 44062
3 5 43212 44212
1 5 43362 44362
3 5 43362 44362
3 5 43512 44512
3 5 43662 44662
1 5 43662 44662
3 5 43812 44812
1 5 43887 44887
3 5 43962 44962
2 5 44112 45112
0 5 44187 45187
2 5 44262 45262
2 5 44412 45412
0 5 44487 45487
3 5 44562 45562
2 5 44712 45712
1 5 44787 45787
0 5 44862 45862
0 5 45012 46012
1 5 45087 46087
2 5 45162 46162
2 5 45312 46312
0 5 45387 46387
2 5 45462 46462
1 5 45612 46612
0 5 45687 46687
2 5 45762 46762
3 5 45912 46912
1 5 45987 46987
0 5 46062 47062
1 5 46137 47137
0 5 46212 47212
1 5 46287 47287
0 5 46362 47362
3 5 46512 47512
2 5 46587 47587
0 5 46662 47662
2 5 46812 47812
1 5 46962 47962
3 5 47112 48112
1 5 47262 48262
3 5 47262 48262
1 5 47412 48412
1 5 47562 48562
0 5 47712 48712
3 5 47862 48862
2 5 48012 49012
3 5 48162 49162
2 5 48312 49312
0 5 48462 49462
1 5 48462 49462
1 5 48612 49612
2 5 48762 49762
3 5 48912 49912
3 5 49062 50062
2 5 49212 50212
1 5 49362 50362
3 5 49512 50512
3 5 49662 50662
2 5 49662 50662
3 5 49962 50962
2 5 50312 51312
1 5 50862 51862
3 5 50862 51862
3 5 51012 52012
2 5 51087 52087
0 5 51162 52162
2 5 51312 52312
3 5 51387 52387
1 5 51462 52462
3 5 51612 52612
1 5 51762 52762
3 5 51837 52837
0 5 51912 52912
2 5 52062 53062
3 5 52137 53137
2 5 52287 53287
3 5 52362 53362
2 5 52512 53512
3 5 52587 53587
2 5 52737 53737
3 5 52812 53812
2 5 52962 53962
2 5 53112 54112
1 5 53262 54262
0 5 53337 54337
1 5 53412 54412
3 5 53562 54562
2 5 53637 54637
3 5 53712 54712
2 5 53862 54862
3 5 53937 54937
3 5 54087 55087
1 5 54162 55162
2 5 54312 55312
0 5 54387 55387
3 5 54462 55462
3 5 54612 55612
2 5 54762 55762
1 5 54837 55837
0 5 54912 55912
1 5 55062 56062
3 5 55212 56212
1 5 55287 56287
0 5 55362 56362
1 5 55437 56437
0 5 55512 56512
1 5 55587 56587
0 5 55662 56662
1 5 55812 56812
3 5 55887 56887
1 5 55962 56962
0 5 56112 57112
2 5 56187 57187
0 5 56262 57262
2 5 56412 57412
3 5 56487 57487
2 5 56562 57562
3 5 56712 57712
1 5 56787 57787
3 5 56862 57862
2 5 57012 58012
2 5 57162 58162
0 5 57237 58237
3 5 57312 58312
3 5 57462 58462
3 5 57612 58612
1 5 57687 58687
3 5 57837 58837
2 5 57987 58987
0 5 58062 59062
2 5 58212 59212
3 5 58287 59287
2 5 58362 59362
3 5 58512 59512
2 5 58587 59587
3 5 58662 59662
1 5 58812 59812
3 5 58887 59887
1 5 58962 59962
3 5 59112 60112
0 5 59187 60187
2 5 59262 60262
0 5 59337 60337
1 5 59412 60412
0 5 59487 60487
1 5 59562 60562
2 5 59712 60712
3 5 59787 60787
2 5 59937 60937
3 5 60087 61087
0 5 60237 61237
2 5 60387 61387
0 5 60462 61462
2 5 60537 61537
0 5 60612 61612
2 5 60762 61762
0 5 60837 61837
3 5 60912 61912
1 5 61062 62062
3 5 61137 62137
1 5 61212 62212
2 5 61362 62362
1 5 61437 62437
3 5 61512 62512
3 5 61662 62662
2 5 61737 62737
3 5 61812 62812
3 5 61962 62962
0 5 62037 63037
3 5 62112 63112
1 5 62262 63262
3 5 62337 63337
2 5 62412 63412
3 5 62562 63562
1 5 62637 63637
2 5 62712 63712
2 5 62862 63862
3 5 62937 63937
0 5 63012 64012
2 5 63162 64162
0 5 63237 64237
3 5 63312 64312
1 5 63462 64462
2 5 63537 64537
3 5 63612 64612
2 5 63762 64762
1 5 63837 64837
3 5 63912 64912
2 5 64062 65062
3 5 64137 65137
2 5 64212 65212
2 5 64362 65362
0 5 64437 65437
3 5 64512 65512
1 5 64662 65662
2 5 64737 65737
1 5 64812 65812
3 5 64962 65962
1 5 65037 66037
2 5 65187 66187
0 5 65262 66262
2 5 65337 66337
0 5 65412 66412
2 5 65562 66562
0 5 65637 66637
3 5 65712 66712
1 5 65862 66862
3 5 65937 66937
1 5 66012 67012
2 5 66162 67162
1 5 66237 67237
3 5 66312 67312
3 5 66462 67462
2 5 66537 67537
3 5 66612 67612
3 5 66762 67762
0 5 66837 67837
3 5 66912 67912
1 5 67062 68062
3 5 67137 68137
2 5 67212 68212
3 5 67362 68362
1 5 67437 68437
2 5 67512 68512
2 5 67662 68662
3 5 67737 68737
0 5 67812 68812
2 5 67962 68962
0 5 68037 69037
3 5 68112 69112
1 5 68262 69262
2 5 68337 69337
3 5 68412 69412
2 5 68562 69562
1 5 68637 69637
3 5 68712 69712
0 5 68862 69862
2 5 68937 69937
0 5 69012 70012
2 5 69087 70087
0 5 69162 70162
2 5 69237 70237
0 5 69312 70312
2 5 69387 70387
0 5 69462 70462
2 5 69537 70537
0 5 69612 70612
2 5 69687 70687
3 5 69762 70762
2 5 69837 70837
3 5 69912 70912
2 5 69987 70987
3 5 70062 71062
2 5 70137 71137
3 5 70212 71212
1 5 70362 71362
3 5 70437 71437
1 5 70512 71512
3 5 70662 71662
2 5 70737 71737
3 5 70812 71812
3 5 70962 71962
2 5 71037 72037
0 5 71112 72112
3 5 71262 72262
2 5 71337 72337
3 5 71487 72487
1 5 71562 72562
3 5 71712 72712
2 5 71787 72787
0 5 71937 72937
1 5 72012 73012
0 5 72162 73162
2 5 72312 73312
2 5 72462 73462
1 5 72537 73537
2 5 72612 73612
1 5 72762 73762
2 5 72837 73837
0 5 72912 73912
1 5 73062 74062
3 5 73137 74137
1 5 73212 74212
0 5 73362 74362
1 5 73437 74437
0 5 73512 74512
1 5 73662 74662
3 5 73737 74737
0 5 73812 74812
3 5 73962 74962
1 5 74037 75037
2 5 74112 75112
0 5 74262 75262
2 5 74337 75337
1 5 74412 75412
2 5 74562 75562
3 5 74637 75637
2 5 74712 75712
3 5 74787 75787
1 5 74862 75862
3 5 74937 75937
2 5 75012 76012
3 5 75162 76162
0 5 75237 76237
3 5 75312 76312
3 5 75462 76462
1 5 75537 76537
3 5 75612 76612
1 5 75762 76762
2 5 75837 76837
0 5 75912 76912
3 5 76062 77062
2 5 76137 77137
3 5 76287 77287
2 5 76362 77362
3 5 76512 77512
2 5 76587 77587
3 5 76737 77737
1 5 76812 77812
3 5 76962 77962
0 5 77112 78112
1 5 77262 78262
0 5 77337 78337
3 5 77412 78412
2 5 77562 78562
3 5 77637 78637
2 5 77712 78712
3 5 77862 78862
2 5 77937 78937
0 5 78012 79012
1 5 78162 79162
0 5 78237 79237
3 5 78312 79312
3 5 78462 79462
2 5 78537 79537
3 5 78612 79612
2 5 78687 79687
3 5 78762 79762
2 5 78837 79837
3 5 78912 79912
2 5 78987 79987
3 5 79062 80062
1 5 79137 80137
0 5 79212 80212
2 5 79362 80362
0 5 79437 80437
2 5 79587 80587
0 5 79662 80662
2 5 79812 80812
3 5 80112 81112
2 5 80112 81112
1 5 80412 81412
2 5 80562 81562
2 5 80712 81712
0 5 80862 81862
2 5 81012 82012
1 5 81312 82312
3 5 81312 82312
0 5 81612 82612
3 5 81762 82762
2 5 81912 82912
0 5 82062 83062
0 5 82212 83212
1 5 82512 83512
3 5 82512 83512
2 5 82812 83812
0 5 82962 83962
2 5 83112 84112
0 5 83262 84262
1 5 83337 84337
0 5 83412 84412
1 5 83487 84487
0 5 83562 84562
1 5 83637 84637
0 5 83712 84712
1 5 83787 84787
0 5 83937 84937
2 5 84087 85087
1 5 84162 85162
2 5 84462 85462
3 5 84612 85612
1 5 84912 85912
0 5 84912 85912
0 5 85212 86212
2 5 85362 86362
3 5 85512 86512
1 5 85662 86662
0 5 85812 86812
1 5 86112 87112
3 5 86112 87112
2 5 86412 87412
0 5 86562 87562
0 5 86712 87712
2 5 86862 87862
3 5 87012 88012
3 5 87312 88312
2 5 87312 88312
2 5 87612 88612
3 5 87762 88762
1 5 87912 88912
0 5 88062 89062
1 5 88137 89137
0 5 88212 89212
1 5 88287 89287
0 5 88362 89362
1 5 88512 89512
3 5 88587 89587
1 5 88662 89662
0 5 88737 89737
1 5 88812 89812
0 5 88887 89887
1 5 88962 89962
0 5 89037 90037
2 5 89112 90112
0 5 89262 90262
1 5 89262 90262
3 5 89412 90412
2 5 89562 90562
0 5 89712 90712
0 5 89862 90862
3 5 90012 91012
3 5 90237 91237
0 5 90312 91312
3 5 90612 91612
2 5 90762 91762
0 5 90912 91912
0 5 91062 92062
3 5 91212 92212
3 5 91437 92437
0 5 91512 92512
0 5 91812 92812
3 5 91962 92962
1 5 92112 93112
0 5 92262 93262
1 5 92412 93412
3 5 92637 93637
0 5 92712 93712
0 5 93012 94012
3 5 93162 94162
1 5 93312 94312
0 5 93462 94462
3 5 93612 94612
3 5 93799 94799
1 5 93874 94874
3 5 93949 94949
1 5 94024 95024
1 5 94212 95212
3 5 94362 95362
1 5 94512 95512
2 5 94662 95662
3 5 94812 95812
3 5 95037 96037
1 5 95112 96112
1 5 95412 96412
3 5 95562 96562
1 5 95712 96712
2 5 95862 96862
3 5 96012 97012
3 5 96237 97237
2 5 96312 97312
2 5 96612 97612
1 5 96762 97762
1 5 96912 97912
2 5 97062 98062
0 5 97212 98212
1 5 97437 98437
0 5 97512 98512
2 5 97662 98662
0 5 97737 98737
1 5 97812 98812
2 5 97962 98962
0 5 98112 99112
2 5 98187 99187
0 5 98262 99262
2 5 98337 99337
2 5 98487 99487
0 5 98562 99562
1 5 98637 99637
0 5 98712 99712
1 5 98862 99862
0 5 98862 99862
3 5 99012 100012
3 5 99162 100162
1 5 99312 100312
0 5 99312 100312
0 5 99462 100462
2 5 99612 100612
0 5 99762 100762
1 5 99762 100762
1 5 99912 100912
3 5 100062 101062
1 5 100062 101062
3 5 100212 101212
2 5 100362 101362
2 5 100512 101512
0 5 100512 101512
2 5 100662 101662
0 5 100812 101812
1 5 100962 101962
0 5 100962 101962
3 5 101112 102112
1 5 101262 102262
0 5 101262 102262
0 5 101412 102412
2 5 101562 102562
3 5 101712 102712
2 5 101712 102712
2 5 101862 102862
0 5 102012 103012
1 5 102162 103162
0 5 102162 103162
0 5 102312 103312
2 5 102462 103462
0 5 102462 103462
2 5 102612 103612
3 5 102762 103762
2 5 102912 103912
0 5 103062 104062
2 5 103212 104212
3 5 103362 104362
1 5 103512 104512
3 5 103662 104662
1 5 103662 104662
3 5 103812 104812
1 5 103962 104962
1 5 104112 105112
0 5 104112 105112
0 5 104262 105262
2 5 104412 105412
2 5 104562 105562
0 5 104562 105562
2 5 104712 105712
2 5 104862 105862
3 5 104937 105937
2 5 105012 106012
3 5 105087 106087
2 5 105162 106162
3 5 105237 106237
2 5 105312 106312
3 5 105387 106387
2 5 105462 106462
3 5 105537 106537
1 5 105612 106612
1 5 105762 106762
3 5 105837 106837
0 5 105912 106912
3 5 106062 107062
2 5 106137 107137
3 5 106212 107212
2 5 106287 107287
3 5 106362 107362
2 5 106437 107437
3 5 106512 107512
2 5 106587 107587
3 5 106662 107662
2 5 106737 107737
3 5 106812 107812
2 5 106887 107887
3 5 106962 107962
2 5 107037 108037
0 5 107112 108112
2 5 107262 108262
0 5 107262 108262
3 5 107912 108912
1 5 108462 109462
0 5 108462 109462
3 5 108612 109612
3 5 108762 109762
2 5 108837 109837
1 5 108912 109912
2 5 108987 109987
1 5 109062 110062
1 5 109212 110212
1 5 109362 110362
0 5 109362 110362
0 5 109512 110512
2 5 109662 110662
0 5 109662 110662
0 5 109812 110812
1 5 109812 110812
1 5 109962 110962
2 5 110037 111037
2 5 110187 111187
0 5 110262 111262
2 5 110337 111337
0 5 110487 111487
1 5 110562 111562
0 5 110637 111637
1 5 110787 111787
3 5 110862 111862
1 5 110937 111937
0 5 111087 112087
2 5 111162 112162
2 5 111312 112312
0 5 111312 112312
2 5 111462 112462
3 5 111537 112537
1 5 111687 112687
3 5 111762 112762
1 5 111837 112837
3 5 111987 112987
2 5 112062 113062
3 5 112137 113137
2 5 112212 113212
3 5 112287 113287
1 5 112362 113362
3 5 112512 113512
2 5 112662 113662
0 5 112662 113662
3 5 112812 113812
1 5 112962 113962
0 5 112962 113962
0 5 113112 114112
1 5 113262 114262
0 5 113262 114262
2 5 113412 114412
0 5 113487 114487
1 5 113562 114562
0 5 113712 114712
1 5 113712 114712
0 5 113862 114862
2 5 113937 114937
3 5 114012 115012
2 5 114162 115162
0 5 114237 115237
1 5 114312 115312
3 5 114462 115462
1 5 114462 115462
1 5 114612 115612
3 5 114687 115687
1 5 114762 115762
3 5 114837 115837
2 5 114912 115912
3 5 114987 115987
0 5 115062 116062
3 5 115212 116212
2 5 115287 116287
3 5 115362 116362
2 5 115437 116437
0 5 115512 116512
0 5 115662 116662
2 5 115662 116662
1 5 115812 116812
0 5 115962 116962
0 5 116112 117112
2 5 116112 117112
2 5 116262 117262
3 5 116337 117337
2 5 116412 117412
3 5 116487 117487
2 5 116562 117562
3 5 116637 117637
2 5 116712 117712
3 5 116787 117787
2 5 116862 117862
3 5 116937 117937
3 5 117087 118087
1 5 117162 118162
0 5 117237 118237
2 5 117312 118312
0 5 117387 118387
3 5 117537 118537
0 5 117687 118687
1 5 117837 118837
3 5 117987 118987
1 5 118062 119062
0 5 118062 119062
0 5 118212 119212
3 5 118437 119437
2 5 118512 119512
0 5 118812 119812
3 5 118962 119962
2 5 119112 120112
2 5 119262 120262
0 5 119262 120262
1 5 119412 120412
3 5 119637 120637
1 5 119712 120712
0 5 120012 121012
3 5 120162 121162
1 5 120312 121312
0 5 120462 121462
1 5 120462 121462
2 5 120612 121612
2 5 120837 121837
1 5 120912 121912
1 5 121212 122212
2 5 121362 122362
2 5 121512 122512
3 5 121662 122662
0 5 121812 122812
0 5 121962 122962
1 5 122037 123037
0 5 122112 123112
1 5 122187 123187
2 5 122337 123337
2 5 122487 123487
3 5 122637 123637
2 5 122787 123787
0 5 122862 123862
2 5 123162 124162
3 5 123762 124762
0 5 124062 125062
3 5 124612 125612
1 5 125262 126262
0 5 125262 126262
3 5 125412 126412
1 5 125562 126562
3 5 125637 126637
1 5 125712 126712
3 5 125862 126862
3 5 126012 127012
0 5 126087 127087
1 5 126162 127162
0 5 126312 127312
2 5 126387 127387
0 5 126462 127462
1 5 126612 127612
2 5 126762 127762
3 5 126837 127837
1 5 126912 127912
0 5 127062 128062
1 5 127212 128212
0 5 127287 128287
1 5 127362 128362
0 5 127437 128437
1 5 127512 128512
0 5 127587 128587
1 5 127662 128662
0 5 127812 128812
3 5 127962 128962
2 5 128037 129037
0 5 128112 129112
2 5 128262 129262
2 5 128412 129412
1 5 128487 129487
2 5 128562 129562
1 5 128712 129712
2 5 128787 129787
0 5 128862 129862
3 5 129012 130012
3 5 129162 130162
2 5 129237 130237
0 5 129312 130312
2 5 129462 130462
0 5 129612 130612
2 5 129687 130687
0 5 129762 130762
2 5 129912 130912
3 5 130062 131062
1 5 130137 131137
3 5 130287 131287
2 5 130362 131362
2 5 130512 131512
0 5 130587 131587
2 5 130737 131737
1 5 130812 131812
1 5 130962 131962
3 5 131037 132037
2 5 131112 132112
0 5 131262 132262
2 5 131337 132337
3 5 131487 132487
1 5 131562 132562
2 5 131712 132712
3 5 131787 132787
2 5 131937 132937
3 5 132012 133012
1 5 132162 133162
3 5 132237 133237
1 5 132312 133312
3 5 132462 133462
2 5 132537 133537
0 5 132687 133687
3 5 132762 133762
1 5 132912 133912
0 5 132987 133987
1 5 133137 134137
0 5 133212 134212
3 5 133362 134362
1 5 133437 134437
0 5 133512 134512
1 5 133662 134662
0 5 133737 134737
2 5 133887 134887
3 5 133962 134962
1 5 134112 135112
0 5 134187 135187
1 5 134337 135337
0 5 134412 135412
1 5 134562 135562
0 5 134637 135637
3 5 134712 135712
3 5 134862 135862
1 5 134937 135937
3 5 135087 136087
0 5 135162 136162
1 5 135312 136312
3 5 135387 136387
3 5 135537 136537
0 5 135612 136612
3 5 135762 136762
0 5 135837 136837
3 5 135912 136912
0 5 136062 137062
2 5 136162 137162
3 5 136262 137262
1 5 136362 137362
0 5 136462 137462
2 5 136562 137562
1 5 136662 137662
3 5 136762 137762
1 5 136812 137812
1 5 136962 137962
3 5 137037 138037
0 5 137112 138112
0 5 137262 138262
2 5 137362 138362
3 5 137462 138462
0 5 137562 138562
2 5 137662 138662
2 5 137762 138762
0 5 137862 138862
3 5 137962 138962
1 5 138012 139012
1 5 138162 139162
3 5 138237 139237
0 5 138312 139312
3 5 138462 139462
2 5 138537 139537
3 5 138612 139612
2 5 138687 139687
3 5 138762 139762
2 5 138837 139837
3 5 138912 139912
2 5 138987 139987
0 5 139062 140062
0 5 139212 140212
1 5 139362 140362
2 5 139512 140512
1 5 139662 140662
2 5 139662 140662
3 5 139812 140812
2 5 139887 140887
1 5 139962 140962
2 5 140112 141112
3 5 140187 141187
2 5 140337 141337
3 5 140412 141412
1 5 140562 141562
3 5 140637 141637
2 5 140712 141712
3 5 140862 141862
2 5 140937 141937
0 5 141012 142012
3 5 141162 142162
1 5 141237 142237
0 5 141312 142312
3 5 141462 142462
2 5 141537 142537
0 5 141612 142612
3 5 141762 142762
2 5 141837 142837
0 5 141912 142912
2 5 142062 143062
3 5 142137 143137
0 5 142212 143212
0 5 142362 143362
1 5 142362 143362
3 5 142512 143512
3 5 142662 143662
1 5 142662 143662
3 5 142812 143812
1 5 142962 143962
2 5 143037 144037
3 5 143187 144187
0 5 143262 144262
2 5 143362 144362
3 5 143462 144462
1 5 143562 144562
3 5 143612 144612
1 5 143712 144712
0 5 143812 144812
3 5 143912 144912
0 5 144012 145012
1 5 144112 145112
2 5 144212 145212
1 5 144312 145312
3 5 144412 145412
1 5 144462 145462
3 5 144537 145537
1 5 144612 145612
2 5 144762 145762
0 5 144837 145837
1 5 144912 145912
3 5 145062 146062
1 5 145137 146137
0 5 145212 146212
0 5 145362 146362
2 5 145437 146437
1 5 145512 146512
3 5 145662 146662
2 5 145737 146737
3 5 145887 146887
2 5 145962 146962
3 5 146112 147112
2 5 146187 147187
3 5 146337 147337
2 5 146412 147412
3 5 146562 147562
0 5 146712 147712
0 5 146862 147862
1 5 146937 147937
0 5 147012 148012
2 5 147162 148162
3 5 147237 148237
2 5 147312 148312
3 5 147462 148462
2 5 147537 148537
2 5 147687 148687
0 5 147762 148762
3 5 147912 148912
1 5 147987 148987
2 5 148062 149062
2 5 148212 149212
3 5 148362 149362
0 5 148437 149437
1 5 148512 149512
0 5 148662 149662
2 5 148812 149812
0 5 148887 149887
1 5 148962 149962
0 5 149037 150037
1 5 149112 150112
0 5 149187 150187
1 5 149262 150262
0 5 149412 150412
2 5 149487 150487
0 5 149562 150562
1 5 149712 150712
3 5 149787 150787
1 5 149862 150862
3 5 150012 151012
2 5 150087 151087
3 5 150162 151162
2 5 150312 151312
0 5 150387 151387
2 5 150462 151462
3 5 150612 151612
3 5 150762 151762
1 5 150837 151837
2 5 150912 151912
2 5 151062 152062
2 5 151212 152212
0 5 151287 152287
2 5 151437 152437
3 5 151587 152587
1 5 151662 152662
3 5 151812 152812
2 5 151887 152887
3 5 151962 152962
2 5 152112 153112
3 5 152187 153187
2 5 152262 153262
3 5 152412 153412
1 5 152562 153562
3 5 152637 153637
0 5 152712 153712
0 5 152862 153862
2 5 152937 153937
3 5 153012 154012
2 5 153087 154087
3 5 153162 154162
2 5 153237 154237
0 5 153312 154312
1 5 153462 154462
0 5 153612 154612
3 5 153762 154762
1 5 153837 154837
0 5 153912 154912
3 5 154062 155062
1 5 154062 155062
3 5 154212 155212
3 5 154362 155362
3 5 154512 155512
2 5 154512 155512
0 5 154662 155662
0 5 154812 155812
1 5 154962 155962
0 5 154962 155962
1 5 155112 156112
1 5 155262 156262
3 5 155262 156262
1 5 155412 156412
3 5 155562 156562
1 5 155712 156712
3 5 155712 156712
2 5 155862 156862
3 5 156012 157012
2 5 156162 157162
0 5 156162 157162
2 5 156312 157312
1 5 156462 157462
2 5 156462 157462
0 5 156612 157612
2 5 156762 157762
1 5 156912 157912
3 5 156912 157912
2 5 157062 158062
0 5 157212 158212
3 5 157362 158362
1 5 157362 158362
3 5 157512 158512
3 5 157662 158662
2 5 157737 158737
3 5 157812 158812
2 5 157887 158887
3 5 157962 158962
2 5 158037 159037
3 5 158112 159112
2 5 158187 159187
3 5 158262 159262
1 5 158412 159412
0 5 158562 159562
3 5 158712 159712
1 5 158862 159862
2 5 158862 159862
3 5 159012 160012
2 5 159162 160162
1 5 159312 160312
0 5 159312 160312
0 5 159462 160462
3 5 159612 160612
1 5 159762 160762
3 5 159762 160762
2 5 159912 160912
2 5 160062 161062
0 5 160062 161062
0 5 160212 161212
2 5 160362 161362
1 5 160512 161512
3 5 160512 161512
2 5 160662 161662
3 5 160812 161812
3 5 160962 161962
1 5 160962 161962
3 5 161112 162112
1 5 161262 162262
3 5 161262 162262
3 5 161412 162412
3 5 161562 162562
3 5 161712 162712
0 5 161712 162712
1 5 161862 162862
1 5 162012 163012
1 5 162162 163162
0 5 162162 163162
3 5 162312 163312
1 5 162462 163462
0 5 162462 163462
3 5 162612 163612
3 5 162762 163762
1 5 162912 163912
2 5 163062 164062
3 5 163137 164137
2 5 163212 164212
3 5 163287 164287
2 5 163362 164362
0 5 163437 164437
3 5 163587 164587
2 5 163662 164662
0 5 163812 164812
3 5 164037 165037
2 5 164112 165112
2 5 164412 165412
0 5 164562 165562
2 5 164712 165712
2 5 164862 165862
0 5 165012 166012
3 5 165237 166237
2 5 165312 166312
2 5 165612 166612
0 5 165762 166762
2 5 165912 166912
2 5 166062 167062
3 5 166062 167062
1 5 166212 167212
0 5 166437 167437
3 5 166512 167512
3 5 166812 167812
0 5 166962 167962
1 5 167112 168112
3 5 167262 168262
1 5 167412 168412
0 5 167637 168637
3 5 167712 168712
1 5 168012 169012
3 5 168162 169162
1 5 168312 169312
0 5 168462 169462
3 5 168462 169462
2 5 168612 169612
2 5 168837 169837
3 5 168912 169912
1 5 169212 170212
2 5 169362 170362
2 5 169512 170512
3 5 169662 170662
2 5 169812 170812
2 5 170037 171037
3 5 170112 171112
1 5 170412 171412
2 5 170562 171562
1 5 170712 171712
3 5 170862 171862
1 5 170862 171862
0 5 171012 172012
2 5 171237 172237
0 5 171312 172312
1 5 171612 172612
2 5 171762 172762
2 5 171912 172912
2 5 172062 173062
0 5 172212 173212
2 5 172437 173437
1 5 172512 173512
1 5 172662 173662
2 5 172737 173737
2 5 172887 173887
0 5 172962 173962
1 5 173037 174037
0 5 173112 174112
1 5 173262 174262
0 5 173262 174262
3 5 173412 174412
2 5 173487 174487
1 5 173562 174562
1 5 173712 174712
0 5 173712 174712
0 5 173862 174862
3 5 173937 174937
0 5 174012 175012
0 5 174162 175162
1 5 174162 175162
1 5 174312 175312
2 5 174387 175387
0 5 174462 175462
2 5 174537 175537
1 5 174612 175612
2 5 174762 175762
1 5 174837 175837
3 5 174912 175912
1 5 174987 175987
0 5 175062 176062
0 5 175212 176212
3 5 175287 176287
2 5 175362 176362
3 5 175437 176437
1 5 175512 176512
0 5 175662 176662
1 5 175662 176662
2 5 175812 176812
3 5 175887 176887
0 5 175962 176962
3 5 176112 177112
2 5 176112 177112
2 5 176262 177262
3 5 176337 177337
1 5 176412 177412
1 5 176562 177562
0 5 176562 177562
0 5 176712 177712
3 5 176787 177787
1 5 176862 177862
3 5 176937 177937
0 5 177012 178012
3 5 177162 178162
0 5 177237 178237
1 5 177312 178312
0 5 177462 178462
3 5 177537 178537
0 5 177612 178612
3 5 177762 178762
0 5 177837 178837
3 5 177912 178912
3 5 178062 179062
1 5 178062 179062
3 5 178212 179212
0 5 178287 179287
3 5 178362 179362
1 5 178512 179512
0 5 178512 179512
3 5 178662 179662
1 5 178737 179737
0 5 178812 179812
2 5 178962 179962
0 5 178962 179962
2 5 179112 180112
3 5 179187 180187
2 5 179262 180262
3 5 179337 180337
2 5 179412 180412
1 5 179562 180562
2 5 179637 180637
0 5 179712 180712
2 5 179787 180787
0 5 179862 180862
0 5 180012 181012
2 5 180087 181087
0 5 180162 181162
2 5 180237 181237
3 5 180312 181312
3 5 180462 181462
2 5 180537 181537
3 5 180612 181612
2 5 180687 181687
3 5 180762 181762
2 5 180837 181837
3 5 180912 181912
2 5 180987 181987
3 5 181062 182062
2 5 181137 182137
3 5 181212 182212
2 5 181287 182287
3 5 181362 182362
2 5 181437 182437
0 5 181512 182512
2 5 181662 182662
0 5 181662 182662
3 5 182312 183312
1 5 182862 183862
0 5 182862 183862
3 5 183012 184012
3 5 183162 184162
2 5 183237 184237
1 5 183312 184312
2 5 183387 184387
1 5 183462 184462
1 5 183612 184612
1 5 183762 184762
0 5 183762 184762
0 5 183912 184912
2 5 184062 185062
0 5 184062 185062
0 5 184212 185212
1 5 184212 185212
1 5 184362 185362
2 5 184437 185437
2 5 184587 185587
0 5 184662 185662
2 5 184737 185737
0 5 184887 185887
1 5 184962 185962
0 5 185037 186037
1 5 185187 186187
3 5 185262 186262
1 5 185337 186337
0 5 185487 186487
2 5 185562 186562
2 5 185712 186712
0 5 185712 186712
2 5 185862 186862
3 5 185937 186937
1 5 186087 187087
3 5 186162 187162
1 5 186237 187237
3 5 186387 187387
2 5 186462 187462
3 5 186537 187537
2 5 186612 187612
3 5 186687 187687
1 5 186762 187762
3 5 186912 187912
2 5 187062 188062
0 5 187062 188062
3 5 187212 188212
1 5 187362 188362
0 5 187362 188362
0 5 187512 188512
1 5 187662 188662
0 5 187662 188662
2 5 187812 188812
0 5 187887 188887
1 5 187962 188962
0 5 188112 189112
1 5 188112 189112
0 5 188262 189262
2 5 188337 189337
1 5 188412 189412
3 5 188562 189562
1 5 188637 189637
0 5 188712 189712
3 5 188862 189862
0 5 188862 189862
0 5 189012 190012
3 5 189087 190087
1 5 189162 190162
3 5 189237 190237
2 5 189312 190312
3 5 189387 190387
1 5 189462 190462
3 5 189612 190612
2 5 189687 190687
3 5 189762 190762
1 5 189912 190912
3 5 189987 190987
1 5 190062 191062
3 5 190137 191137
2 5 190287 191287
3 5 190437 191437
1 5 190512 191512
3 5 190587 191587
3 5 190737 191737
2 5 190887 191887
1 5 190962 191962
2 5 191037 192037
0 5 191187 192187
1 5 191262 192262
0 5 191337 192337
1 5 191412 192412
0 5 191487 192487
1 5 191562 192562
0 5 191637 192637
2 5 191712 192712
0 5 191787 192787
3 5 191937 192937
0 5 192087 193087
1 5 192237 193237
3 5 192387 193387
1 5 192462 193462
0 5 192462 193462
0 5 192612 193612
3 5 192837 193837
2 5 192912 193912
0 5 193212 194212
3 5 193362 194362
2 5 193512 194512
2 5 193662 194662
0 5 193662 194662
1 5 193812 194812
3 5 194037 195037
1 5 194112 195112
0 5 194412 195412
3 5 194562 195562
1 5 194712 195712
0 5 194862 195862
1 5 194862 195862
2 5 195012 196012
2 5 195237 196237
1 5 195312 196312
1 5 195612 196612
2 5 195762 196762
2 5 195912 196912
3 5 196062 197062
0 5 196212 197212
3 5 196437 197437
1 5 196512 197512
0 5 196812 197812
3 5 196962 197962
1 5 197112 198112
3 5 197262 198262
1 5 197262 198262
3 5 197712 198712
2 5 198462 199462
1 5 198462 199462
2 5 199362 200362
0 5 199662 200662
1 5 199737 200737
0 5 199812 200812
1 5 199887 200887
0 5 199962 200962
1 5 200037 201037
3 5 200112 201112
1 5 200187 201187
3 5 200337 201337
1 5 200487 201487
3 5 200637 201637
2 5 200787 201787
0 5 200862 201862
2 5 201162 202162
3 5 201462 202462
3 5 201612 202612
2 5 201762 202762
1 5 202062 203062
1 5 202212 203212
0 5 202362 203362
3 5 202662 203662
0 5 202812 203812
1 5 202962 203962
3 5 203262 204262
1 5 203262 204262
1 5 203562 204562
2 5 203862 204862
2 5 204012 205012
1 5 204162 205162
1 5 204462 205462
0 5 204612 205612
3 5 204762 205762
2 5 205062 206062
1 5 205212 206212
3 5 205362 206362
3 5 205962 206962
3 5 206112 207112
2 5 206262 207262
3 5 206562 207562
3 5 206712 207712
0 5 206862 207862
2 5 207162 208162
2 5 207312 208312
1 5 207462 208462
3 5 207762 208762
0 5 207912 208912
2 5 208362 209362
2 5 208512 209512
1 5 208662 209662
2 5 208962 209962
3 5 208962 209962
1 5 209112 210112
1 5 209262 210262
2 5 209337 210337
2 5 209487 210487
3 5 209562 210562
2 5 209712 210712
0 5 209862 210862
0 5 210012 211012
3 5 210162 211162
3 5 210312 211312
2 5 210462 211462
2 5 210612 211612
3 5 210762 211762
2 5 210912 211912
1 5 211062 212062
2 5 211212 212212
1 5 211362 212362
2 5 211512 212512
2 5 211662 212662
3 5 211812 212812
3 5 211962 212962
2 5 212112 213112
1 5 212262 213262
2 5 212412 213412
1 5 212562 213562
2 5 212712 213712
2 5 212862 213862
2 5 213012 214012
0 5 213162 214162
0 5 213312 214312
1 5 213462 214462
3 5 213612 214612
1 5 213762 214762
1 5 213912 214912
3 5 214062 215062
2 5 214212 215212
3 5 214362 215362
0 5 214512 215512
3 5 214662 215662
2 5 214962 215962
2 5 215262 216262
2 5 215412 216412
1 5 215562 216562
1 5 215712 216712
2 5 215862 216862
2 5 216012 217012
3 5 216162 217162
3 5 216312 217312
1 5 216462 217462
2 5 216612 217612
0 5 216762 217762
1 5 216912 217912
0 5 217212 218212
3 5 217512 218512
0 5 217662 218662
0 5 217812 218812
1 5 217962 218962
0 5 218112 219112
2 5 218412 219412
3 5 218562 219562
2 5 218712 219712
0 5 218862 219862
0 5 219012 220012
3 5 219162 220162
1 5 219312 220312
0 5 219462 220462
2 5 219612 220612
1 5 219762 220762
2 5 219912 220912
0 5 220062 221062
1 5 220362 221362
0 5 220512 221512
1 5 220812 221812
0 5 220962 221962
2 5 221262 222262
3 5 221412 222412
0 5 221562 222562
2 5 221862 222862
1 5 222012 223012
0 5 222162 223162
2 5 222462 223462
3 5 222612 223612
2 5 222912 223912
3 5 223062 224062
2 5 223362 224362
3 5 223512 224512
1 5 223662 224662
1 5 223962 224962
0 5 224112 225112
1 5 224262 225262
2 5 224562 225562
3 5 224712 225712
1 5 224862 225862
2 5 225162 226162
2 5 225312 226312
3 5 225462 226462
2 5 225762 226762
1 5 225912 226912
3 5 226062 227062
3 5 226362 227362
3 5 226512 227512
0 5 226662 227662
2 5 226962 227962
3 5 227112 228112
0 5 227262 228262
1 5 227412 228412
2 5 227562 228562
0 5 227712 228712
3 5 228012 229012
1 5 228162 229162
0 5 228462 229462
2 5 228537 229537
3 5 228612 229612
2 5 228762 229762
3 5 228762 229762
3 5 228912 229912
2 5 229137 230137
0 5 229212 230212
1 5 229362 230362
3 5 229362 230362
3 5 229662 230662
2 5 229737 230737
2 5 229887 230887
3 5 229962 230962
2 5 230262 231262
0 5 230262 231262
0 5 230412 231412
1 5 230562 231562
0 5 230562 231562
3 5 230862 231862
2 5 230937 231937
2 5 231087 232087
2 5 231237 232237
0 5 231387 232387
0 5 231537 232537
2 5 231687 232687
0 5 231762 232762
1 5 232062 233062
0 5 232062 233062
1 5 232212 233212
0 5 232362 233362
1 5 232362 233362
1 5 232662 233662
3 5 232737 233737
3 5 232887 233887
2 5 232962 233962
1 5 233262 234262
0 5 233262 234262
1 5 233412 234412
3 5 233562 234562
3 5 233712 234712
3 5 233862 234862
2 5 234012 235012
1 5 234162 235162
2 5 234162 235162
0 5 234462 235462
1 5 234462 235462
1 5 234612 235612
1 5 234762 235762
0 5 234762 235762
1 5 234912 235912
0 5 235062 236062
2 5 235062 236062
0 5 235212 236212
0 5 235362 236362
1 5 235362 236362
0 5 235512 236512
0 5 235662 236662
1 5 235662 236662
1 5 235812 236812
3 5 235962 236962
3 5 236112 237112
0 5 236187 237187
2 5 236262 237262
3 5 236412 237412
2 5 236487 237487
0 5 236562 237562
2 5 236637 237637
2 5 236787 237787
3 5 236862 237862
2 5 236937 237937
2 5 237087 238087
3 5 237162 238162
2 5 237237 238237
3 5 237387 238387
1 5 237462 238462
3 5 237537 238537
3 5 237687 238687
2 5 237762 238762
3 5 237837 238837
2 5 237987 238987
3 5 238062 239062
2 5 238137 239137
0 5 238212 239212
3 5 238362 239362
2 5 238437 239437
1 5 238512 239512
3 5 238662 239662
0 5 238737 239737
1 5 238812 239812
1 5 238962 239962
0 5 238962 239962
2 5 239037 240037
2 5 239187 240187
3 5 239262 240262
3 5 239362 240362
1 5 239462 240462
3 5 239562 240562
2 5 239662 240662
0 5 239762 240762
2 5 239862 240862
0 5 239962 240962
2 5 240062 241062
0 5 240162 241162
2 5 240262 241262
2 5 240362 241362
0 5 240462 241462
2 5 240562 241562
1 5 240662 241662
3 5 240762 241762
3 5 240862 241862
1 5 240962 241962
3 5 241062 242062
0 5 241162 242162
1 5 241262 242262
3 5 241362 242362
1 5 241662 242662
3 5 241737 242737
3 5 241887 242887
3 5 242037 243037
1 5 242187 243187
3 5 242337 243337
0 5 242487 243487
2 5 242637 243637
0 5 242787 243787
2 5 242937 243937
1 5 243087 244087
0 5 243237 244237
2 5 243387 244387
1 5 243462 244462
0 5 243762 244762
2 5 243837 244837
0 5 243912 244912
0 5 244062 245062
2 5 244212 245212
2 5 244362 245362
2 5 244512 245512
3 5 244662 245662
0 5 244812 245812
0 5 244962 245962
2 5 245112 246112
0 5 245262 246262
1 5 245562 246562
0 5 245712 246712
2 5 245862 246862
0 5 245937 246937
0 5 246087 247087
2 5 246237 247237
3 5 246387 247387
0 5 246537 247537
0 5 246687 247687
3 5 246837 247837
1 5 246987 247987
3 5 247137 248137
2 5 247287 248287
2 5 247437 248437
1 5 247587 248587
3 5 247737 248737
2 5 247887 248887
2 5 248037 249037
3 5 248187 249187
2 5 248312 249312
1 5 248412 249412
3 5 248512 249512
0 5 248637 249637
2 5 248787 249787
0 5 248862 249862
2 5 249012 250012
0 5 249162 250162
2 5 249237 250237
2 5 249387 250387
0 5 249462 250462
2 5 249612 250612
0 5 249762 250762
3 5 249912 250912
1 5 250062 251062
3 5 250362 251362
2 5 250512 251512
1 5 250512 251512
3 5 250662 251662
3 5 250887 251887
1 5 250962 251962
2 5 251187 252187
1 5 251262 252262
2 5 251562 252562
1 5 251712 252712
3 5 251862 252862
3 5 252162 253162
3 5 252312 253312
2 5 252462 253462
3 5 252762 253762
3 5 252912 253912
2 5 252987 253987
1 5 253062 254062
3 5 253287 254287
1 5 253362 254362
2 5 253587 254587
3 5 253662 254662
0 5 254112 255112
1 5 254262 255262
1 5 254487 255487
0 5 254562 255562
1 5 254712 255712
0 5 254862 255862
0 5 255012 256012
3 5 255162 256162
2 5 255312 256312
3 5 255462 256462
1 5 255612 256612
0 5 255762 256762
2 5 255762 256762
2 5 255987 256987
3 5 256062 257062
3 5 256212 257212
3 5 256362 257362
0 5 256512 257512
0 5 256662 257662
0 5 256812 257812
2 5 256962 257962
2 5 257112 258112
1 5 257262 258262
2 5 257412 258412
0 5 257487 258487
3 5 257562 258562
3 5 257712 258712
0 5 257862 258862
3 5 257937 258937
1 5 258012 259012
1 5 258162 259162
2 5 258237 259237
2 5 258387 259387
3 5 258512 259512
1 5 258612 259612
3 5 258712 259712
1 5 258812 259812
3 5 258912 259912
0 5 259012 260012
1 5 259112 260112
2 5 259212 260212
1 5 259312 260312
2 5 259412 260412
3 5 259512 260512
0 5 259612 260612
3 5 259712 260712
1 5 259812 260812
3 5 259912 260912
1 5 260012 261012
3 5 260112 261112
3 5 260212 261212
1 5 260312 261312
2 5 260412 261412
1 5 260512 261512
2 5 260612 261612
3 5 260712 261712
0 5 260812 261812
2 5 260912 261912
0 5 261012 262012
2 5 261112 262112
0 5 261212 262212
2 5 261312 262312
3 5 261412 262412
2 5 261512 262512
1 5 261612 262612
3 5 261712 262712
2 5 261812 262812
1 5 261912 262912
3 5 262012 263012
3 5 262112 263112
1 5 262212 263212
3 5 262312 263312
1 5 262412 263412
3 5 262512 263512
2 5 262612 263612
0 5 262712 263712
2 5 262812 263812
0 5 262912 263912
3 5 263012 264012
1 5 263112 264112
3 5 263212 264212
3 5 263312 264312
1 5 263412 264412
3 5 263512 264512
1 5 263612 264612
2 5 263712 264712
0 5 263812 264812
1 5 263912 264912
2 5 264012 265012
1 5 264112 265112
2 5 264212 265212
3 5 264312 265312
0 5 264412 265412
3 5 264512 265512
1 5 264612 265612
3 5 264712 265712
1 5 264812 265812
2 5 264912 265912
0 5 265012 266012
1 5 265112 266112
2 5 265212 266212
1 5 265312 266312
2 5 265412 266412
3 5 265512 266512
0 5 265612 266612
2 5 265712 266712
0 5 265812 266812
2 5 265912 266912
0 5 266012 267012
2 5 266112 267112
3 5 266212 267212
2 5 266312 267312
1 5 266412 267412
3 5 266512 267512
2 5 266612 267612
1 5 266712 267712
3 5 266812 267812
3 5 266912 267912
1 5 267012 268012
3 5 267112 268112
1 5 267212 268212
3 5 267312 268312
2 5 267412 268412
0 5 267512 268512
2 5 267612 268612
0 5 267712 268712
3 5 267812 268812
1 5 267912 268912
3 5 268012 269012
0 5 268062 269062
3 5 268212 269212
2 5 268287 269287
1 5 268362 269362
1 5 268512 269512
3 5 268587 269587
1 5 268662 269662
1 5 268812 269812
3 5 268887 269887
0 5 268962 269962
1 5 269112 270112
3 5 269187 270187
1 5 269262 270262
0 5 269412 270412
2 5 269487 270487
0 5 269562 270562
1 5 269712 270712
0 5 269787 270787
2 5 269862 270862
2 5 270012 271012
0 5 270087 271087
1 5 270162 271162
2 5 270312 271312
0 5 270387 271387
2 5 270462 271462
0 5 270612 271612
3 5 270687 271687
0 5 270762 271762
3 5 270912 271912
0 5 270987 271987
3 5 271062 272062
2 5 271212 272212
3 5 271287 272287
0 5 271362 272362
3 5 271512 272512
0 5 271587 272587
3 5 271662 272662
1 5 271812 272812
2 5 271887 272887
1 5 271962 272962
2 5 272112 273112
1 5 272187 273187
2 5 272262 273262
1 5 272412 273412
2 5 272487 273487
0 5 272562 273562
2 5 272712 273712
3 5 272787 273787
0 5 272862 273862
3 5 273012 274012
2 5 273087 274087
1 5 273162 274162
1 5 273312 274312
3 5 273387 274387
1 5 273462 274462
1 5 273612 274612
3 5 273687 274687
0 5 273762 274762
1 5 273912 274912
3 5 273987 274987
1 5 274062 275062
0 5 274212 275212
2 5 274287 275287
0 5 274362 275362
1 5 274512 275512
2 5 274587 275587
3 5 274662 275662
3 5 274812 275812
1 5 274887 275887
0 5 274962 275962
3 5 275112 276112
1 5 275187 276187
2 5 275262 276262
0 5 275412 276412
3 5 275487 276487
0 5 275562 276562
3 5 275712 276712
0 5 275787 276787
3 5 275862 276862
2 5 276012 277012
3 5 276087 277087
0 5 276162 277162
3 5 276312 277312
0 5 276387 277387
3 5 276462 277462
1 5 276612 277612
2 5 276687 277687
1 5 276762 277762
2 5 276912 277912
1 5 276987 277987
3 5 277062 278062
1 5 277137 278137
0 5 277212 278212
1 5 277287 278287
0 5 277362 278362
1 5 277437 278437
0 5 277512 278512
1 5 277587 278587
3 5 277712 278712
0 5 277812 278812
2 5 277912 278912
1 5 278012 279012
3 5 278112 279112
1 5 278212 279212
0 5 278312 279312
2 5 278412 279412
2 5 278512 279512
0 5 278612 279612
3 5 278712 279712
1 5 278812 279812
3 5 278912 279912
0 5 279012 280012
2 5 279112 280112
1 5 279212 280212
3 5 279312 280312
1 5 279412 280412
0 5 279512 280512
2 5 279612 280612
2 5 279712 280712
0 5 279812 280812
1 5 279912 280912
2 5 280012 281012
3 5 280112 281112
2 5 280212 281212
0 5 280312 281312
2 5 280412 281412
1 5 280512 281512
0 5 280612 281612
2 5 280712 281712
0 5 280812 281812
2 5 280912 281912
0 5 281012 282012
2 5 281112 282112
1 5 281212 282212
3 5 281312 282312
2 5 281412 282412
0 5 281512 282512
3 5 281612 282612
0 5 281712 282712
1 5 281812 282812
2 5 281912 282912
0 5 282012 283012
2 5 282112 283112
2 5 282212 283212
0 5 282312 283312
2 5 282412 283412
3 5 282512 283512
0 5 282612 283612
2 5 282712 283712
1 5 282812 283812
3 5 282912 283912
1 5 283012 284012
0 5 283112 284112
2 5 283212 284212
2 5 283312 284312
0 5 283412 284412
3 5 283512 284512
1 5 283612 284612
3 5 283712 284712
0 5 283812 284812
2 5 283912 284912
1 5 284012 285012
3 5 284112 285112
1 5 284212 285212
0 5 284312 285312
2 5 284412 285412
2 5 284512 285512
0 5 284612 285612
1 5 284712 285712
2 5 284812 285812
3 5 284912 285912
2 5 285012 286012
0 5 285112 286112
2 5 285212 286212
1 5 285312 286312
0 5 285412 286412
2 5 285512 286512
0 5 285612 286612
2 5 285712 286712
0 5 285812 286812
2 5 285912 286912
1 5 286012 287012
3 5 286112 287112
2 5 286212 287212
0 5 286312 287312
3 5 286412 287412
0 5 286512 287512
1 5 286612 287612
2 5 286712 287712
0 5 286812 287812
2 5 286912 287912
2 5 287012 288012
0 5 287112 288112
2 5 287212 288212
3 5 287262 288262
3 5 287412 288412
2 5 287487 288487
1 5 287562 288562
1 5 287712 288712
3 5 287787 288787
1 5 287862 288862
1 5 288012 289012
3 5 288087 289087
0 5 288162 289162
1 5 288312 289312
3 5 288387 289387
1 5 288462 289462
0 5 288612 289612
2 5 288687 289687
0 5 288762 289762
1 5 288912 289912
0 5 288987 289987
2 5 289062 290062
2 5 289212 290212
0 5 289287 290287
1 5 289362 290362
2 5 289512 290512
0 5 289587 290587
2 5 289662 290662
0 5 289812 290812
3 5 289887 290887
0 5 289962 290962
3 5 290112 291112
0 5 290187 291187
3 5 290262 291262
2 5 290412 291412
3 5 290487 291487
0 5 290562 291562
3 5 290712 291712
0 5 290787 291787
3 5 290862 291862
1 5 291012 292012
2 5 291087 292087
1 5 291162 292162
2 5 291312 292312
1 5 291387 292387
2 5 291462 292462
1 5 291612 292612
2 5 291687 292687
0 5 291762 292762
2 5 291912 292912
3 5 291987 292987
0 5 292062 293062
3 5 292212 293212
2 5 292287 293287
1 5 292362 293362
1 5 292512 293512
3 5 292587 293587
1 5 292662 293662
1 5 292812 293812
3 5 292887 293887
0 5 292962 293962
1 5 293112 294112
3 5 293187 294187
1 5 293262 294262
0 5 293412 294412
2 5 293487 294487
0 5 293562 294562
1 5 293712 294712
2 5 293787 294787
3 5 293862 294862
3 5 294012 295012
2 5 294087 295087
0 5 294162 295162
3 5 294312 295312
1 5 294387 295387
0 5 294512 295512
2 5 294612 295612
3 5 294712 295712
2 5 294812 295812
1 5 294912 295912
3 5 295012 296012
2 5 295112 296112
0 5 295212 296212
3 5 295312 296312
1 5 295412 296412
3 5 295512 296512
2 5 295612 296612
3 5 295712 296712
1 5 295812 296812
2 5 295912 296912
2 5 296012 297012
0 5 296112 297112
3 5 296212 297212
2 5 296312 297312
0 5 296412 297412
2 5 296512 297512
3 5 296612 297612
0 5 296712 297712
2 5 296812 297812
0 5 296862 297862
1 5 297012 298012
3 5 297087 298087
1 5 297162 298162
2 5 297312 298312
0 5 297387 298387
3 5 297462 298462
1 5 297612 298612
2 5 297687 298687
0 5 297762 298762
3 5 297912 298912
1 5 297987 298987
3 5 298062 299062
1 5 298212 299212
3 5 298287 299287
2 5 298437 299437
3 5 298512 299512
1 5 298662 299662
3 5 298737 299737
2 5 298812 299812
3 5 298887 299887
2 5 298962 299962
3 5 299037 300037
3 5 299187 300187
1 5 299262 300262
3 5 299412 300412
1 5 299487 300487
0 5 299562 300562
1 5 299712 300712
0 5 299787 300787
2 5 299862 300862
2 5 300012 301012
3 5 300087 301087
2 5 300162 301162
3 5 300312 301312
0 5 300387 301387
2 5 300462 301462
0 5 300537 301537
1 5 300612 301612
0 5 300687 301687
2 5 300799 301799
0 5 300874 301874
2 5 300949 301949
0 5 301024 302024
2 5 301062 302062
0 5 301137 302137
1 5 301212 302212
0 5 301287 302287
2 5 301399 302399
0 5 301474 302474
2 5 301549 302549
0 5 301624 302624
2 5 301662 302662
0 5 301812 302812
1 5 301962 302962
0 5 302037 303037
3 5 302112 303112
1 5 302262 303262
0 5 302337 303337
2 5 302412 303412
2 5 302562 303562
3 5 302637 303637
2 5 302712 303712
1 5 302862 303862
2 5 302937 303937
0 5 303012 304012
2 5 303087 304087
0 5 303162 304162
1 5 303312 304312
2 5 303462 304462
1 5 303537 304537
2 5 303612 304612
1 5 303687 304687
0 5 303762 304762
1 5 303837 304837
0 5 303912 304912
1 5 303987 304987
3 5 304062 305062
3 5 304212 305212
1 5 304287 305287
2 5 304362 305362
0 5 304512 305512
1 5 304587 305587
2 5 304662 305662
2 5 304812 305812
0 5 304887 305887
2 5 304962 305962
2 5 305112 306112
0 5 305187 306187
1 5 305262 306262
0 5 305337 306337
1 5 305412 306412
0 5 305487 306487
1 5 305562 306562
0 5 305637 306637
1 5 305712 306712
0 5 305787 306787
1 5 305862 306862
0 5 306012 307012
2 5 306087 307087
0 5 306162 307162
1 5 306312 307312
3 5 306387 307387
1 5 306462 307462
3 5 306612 307612
2 5 306762 307762
3 5 306837 307837
3 5 306987 307987
2 5 307062 308062
2 5 307212 308212
2 5 307362 308362
3 5 307437 308437
2 5 307587 308587
3 5 307662 308662
2 5 307812 308812
0 5 307962 308962
2 5 308037 309037
0 5 308187 309187
2 5 308262 309262
0 5 308412 309412
1 5 308562 309562
0 5 308637 309637
0 5 308787 309787
3 5 308862 309862
0 5 309012 310012
3 5 309087 310087
0 5 309162 310162
2 5 309312 310312
3 5 309387 310387
1 5 309462 310462
3 5 309612 310612
2 5 309687 310687
3 5 309762 310762
3 5 309912 310912
1 5 310062 311062
3 5 310137 311137
3 5 310287 311287
0 5 310362 311362
0 5 310512 311512
0 5 310662 311662
2 5 310737 311737
2 5 310887 311887
0 5 310962 311962
1 5 311112 312112
3 5 311262 312262
2 5 311337 312337
0 5 311412 312412
2 5 311562 312562
1 5 311637 312637
2 5 311712 312712
1 5 311862 312862
2 5 311937 312937
0 5 312012 313012
3 5 312162 313162
0 5 312212 313212
3 5 312312 313312
0 5 312412 313412
1 5 312537 313537
2 5 312687 313687
0 5 312812 313812
3 5 312912 313912
0 5 313012 314012
2 5 313137 314137
2 5 313287 314287
3 5 313437 314437
3 5 313587 314587
1 5 313662 314662
0 5 313812 314812
2 5 313887 314887
0 5 313962 314962
3 5 314112 315112
2 5 314187 315187
1 5 314262 315262
0 5 314412 315412
3 5 314487 315487
0 5 314562 315562
3 5 314712 315712
2 5 314862 315862
3 5 314937 315937
1 5 315012 316012
3 5 315087 316087
2 5 315162 316162
3 5 315237 316237
2 5 315312 316312
3 5 315387 316387
2 5 315462 316462
3 5 315537 316537
2 5 315687 316687
1 5 315837 316837
3 5 315987 316987
2 5 316062 317062
3 5 316137 317137
2 5 316212 317212
0 5 316362 317362
2 5 316437 317437
1 5 316512 317512
3 5 316662 317662
1 5 316737 317737
0 5 316812 317812
0 5 316962 317962
2 5 317037 318037
2 5 317187 318187
3 5 317262 318262
2 5 317337 318337
3 5 317412 318412
1 5 317562 318562
3 5 317637 318637
0 5 317712 318712
2 5 317862 318862
3 5 317937 318937
1 5 318012 319012
0 5 318162 319162
2 5 318237 319237
2 5 318387 319387
0 5 318462 319462
0 5 318612 319612
1 5 318687 319687
2 5 318762 319762
1 5 318912 319912
2 5 318987 319987
1 5 319062 320062
2 5 319212 320212
1 5 319287 320287
3 5 319362 320362
1 5 319512 320512
2 5 319587 320587
0 5 319662 320662
1 5 319737 320737
0 5 319812 320812
1 5 319887 320887
2 5 320037 321037
2 5 320187 321187
0 5 320262 321262
2 5 320337 321337
0 5 320412 321412
1 5 320487 321487
1 5 320637 321637
1 5 320787 321787
0 5 320862 321862
1 5 321012 322012
3 5 321087 322087
1 5 321162 322162
3 5 321312 322312
2 5 321387 322387
3 5 321537 322537
2 5 321612 322612
3 5 321762 322762
2 5 321837 322837
3 5 321912 322912
1 5 322062 323062
3 5 322137 323137
1 5 322212 323212
1 5 322362 323362
0 5 322437 323437
3 5 322512 323512
3 5 322662 323662
1 5 322812 323812
3 5 322887 323887
1 5 322962 323962
3 5 323112 324112
1 5 323262 324262
0 5 323337 324337
3 5 323412 324412
0 5 323562 324562
1 5 323637 324637
0 5 323712 324712
2 5 323862 324862
3 5 324012 325012
2 5 324087 325087
3 5 324162 325162
2 5 324312 325312
1 5 324387 325387
2 5 324462 325462
1 5 324612 325612
2 5 324687 325687
2 5 324837 325837
0 5 324912 325912
2 5 325062 326062
3 5 325137 326137
2 5 325212 326212
3 5 325287 326287
2 5 325362 326362
3 5 325437 326437
2 5 325512 326512
3 5 325587 326587
2 5 325662 326662
3 5 325737 326737
1 5 325812 326812
3 5 325962 326962
2 5 326037 327037
3 5 326112 327112
2 5 326262 327262
3 5 326412 327412
2 5 326487 327487
3 5 326562 327562
2 5 326712 327712
1 5 326787 327787
0 5 326862 327862
2 5 327012 328012
1 5 327087 328087
0 5 327162 328162
1 5 327312 328312
0 5 327387 328387
2 5 327537 328537
0 5 327612 328612
1 5 327762 328762
0 5 327837 328837
1 5 327912 328912
0 5 328062 329062
2 5 328137 329137
0 5 328212 329212
1 5 328362 329362
3 5 328437 329437
1 5 328512 329512
0 5 328662 329662
2 5 328737 329737
0 5 328812 329812
1 5 328962 329962
0 5 329037 330037
2 5 329112 330112
0 5 329262 330262
2 5 329337 330337
1 5 329412 330412
2 5 329562 330562
1 5 329637 330637
0 5 329712 330712
0 5 329862 330862
1 5 329937 330937
2 5 330012 331012
2 5 330162 331162
1 5 330237 331237
0 5 330312 331312
1 5 330462 331462
0 5 330537 331537
2 5 330612 331612
2 5 330762 331762
0 5 330837 331837
1 5 330912 331912
2 5 331062 332062
3 5 331137 332137
2 5 331212 332212
3 5 331362 332362
0 5 331437 332437
3 5 331512 332512
3 5 331662 332662
1 5 331737 332737
0 5 331812 332812
3 5 331962 332962
1 5 332037 333037
3 5 332112 333112
3 5 332262 333262
2 5 332337 333337
3 5 332412 333412
1 5 332562 333562
3 5 332637 333637
2 5 332712 333712
3 5 332862 333862
2 5 332937 333937
0 5 333012 334012
2 5 333162 334162
3 5 333237 334237
1 5 333312 334312
3 5 333462 334462
0 5 333537 334537
3 5 333612 334612
2 5 333762 334762
3 5 333837 334837
1 5 333912 334912
3 5 334062 335062
2 5 334137 335137
3 5 334212 335212
2 5 334287 335287
3 5 334362 335362
2 5 334437 335437
3 5 334512 335512
2 5 334587 335587
3 5 334662 335662
2 5 334737 335737
0 5 334812 335812
2 5 334962 335962
0 5 334962 335962
0 5 335112 336112
2 5 335262 336262
0 5 335362 336362
2 5 335462 336462
0 5 335562 336562
2 5 335662 336662
3 5 335762 336762
1 5 335862 336862
0 5 335962 336962
3 5 336062 337062
2 5 336162 337162
0 5 336262 337262
2 5 336362 337362
0 5 336462 337462
2 5 336562 337562
0 5 336662 337662
1 5 336762 337762
3 5 336862 337862
2 5 336962 337962
0 5 337062 338062
1 5 337162 338162
3 5 337262 338262
0 5 337362 338362
2 5 337462 338462
2 5 337562 338562
0 5 337662 338662
2 5 337762 338762
3 5 337862 338862
1 5 337962 338962
3 5 338062 339062
2 5 338162 339162
0 5 338262 339262
1 5 338362 339362
3 5 338462 339462
0 5 338562 339562
2 5 338662 339662
3 5 338762 339762
1 5 338862 339862
3 5 338962 339962
2 5 339062 340062
0 5 339162 340162
2 5 339262 340262
3 5 339362 340362
1 5 339462 340462
0 5 339562 340562
2 5 339662 340662
1 5 339762 340762
3 5 339862 340862
3 5 339962 340962
1 5 340062 341062
3 5 340137 341137
3 5 340262 341262
0 5 340362 341362
3 5 340462 341462
0 5 340562 341562
2 5 340662 341662
3 5 340762 341762
3 5 340862 341862
0 5 340962 341962
1 5 341062 342062
0 5 341162 342162
1 5 341262 342262
0 5 341337 342337
3 5 341412 342412
2 5 341562 342562
3 5 341637 342637
0 5 341712 342712
3 5 341862 342862
2 5 341962 342962
1 5 342062 343062
2 5 342162 343162
0 5 342312 343312
2 5 342387 343387
3 5 342512 343512
1 5 342612 343612
2 5 342712 343712
3 5 342812 343812
3 5 342912 343912
1 5 343012 344012
0 5 343112 344112
2 5 343212 344212
0 5 343312 344312
3 5 343362 344362
3 5 343512 344512
0 5 343587 344587
3 5 343662 344662
3 5 343812 344812
2 5 343887 344887
0 5 343962 344962
2 5 344112 345112
3 5 344187 345187
1 5 344262 345262
3 5 344337 345337
2 5 344412 345412
0 5 344562 345562
0 5 344712 345712
3 5 344787 345787
3 5 344937 345937
2 5 345012 346012
0 5 345162 346162
2 5 345237 346237
0 5 345312 346312
1 5 345462 346462
0 5 345537 346537
2 5 345612 346612
2 5 345762 346762
0 5 345837 346837
2 5 345912 346912
2 5 346062 347062
3 5 346137 347137
0 5 346212 347212
2 5 346362 347362
0 5 346437 347437
3 5 346512 347512
3 5 346662 347662
1 5 346737 347737
3 5 346812 347812
2 5 346887 347887
0 5 346962 347962
2 5 347037 348037
0 5 347112 348112
2 5 347187 348187
0 5 347262 348262
2 5 347362 348362
2 5 347462 348462
0 5 347562 348562
2 5 347662 348662
0 5 347762 348762
2 5 347862 348862
2 5 347962 348962
0 5 348062 349062
2 5 348162 349162
3 5 348262 349262
1 5 348362 349362
3 5 348462 349462
2 5 348562 349562
0 5 348662 349662
3 5 348762 349762
0 5 348912 349912
2 5 349062 350062
1 5 349212 350212
2 5 349362 350362
1 5 349512 350512
2 5 349662 350662
3 5 349737 350737
1 5 349812 350812
3 5 349962 350962
2 5 350037 351037
3 5 350112 351112
1 5 350262 351262
3 5 350337 351337
2 5 350412 351412
3 5 350562 351562
2 5 350637 351637
0 5 350712 351712
2 5 350862 351862
3 5 350937 351937
2 5 351012 352012
3 5 351162 352162
2 5 351237 352237
3 5 351312 352312
1 5 351462 352462
3 5 351537 352537
1 5 351612 352612
3 5 351762 352762
2 5 351837 352837
3 5 351912 352912
2 5 352062 353062
3 5 352137 353137
1 5 352212 353212
3 5 352362 353362
2 5 352437 353437
3 5 352512 353512
2 5 352662 353662
1 5 352737 353737
3 5 352812 353812
0 5 352962 353962
2 5 353037 354037
0 5 353112 354112
1 5 353262 354262
3 5 353337 354337
0 5 353412 354412
1 5 353562 354562
0 5 353637 354637
1 5 353712 354712
1 5 353862 354862
3 5 353937 354937
1 5 354012 355012
3 5 354087 355087
1 5 354162 355162
3 5 354237 355237
1 5 354312 355312
3 5 354387 355387
1 5 354462 355462
3 5 354537 355537
3 5 354687 355687
1 5 354762 355762
0 5 354912 355912
0 5 355062 356062
3 5 355137 356137
3 5 355287 356287
1 5 355362 356362
3 5 355512 356512
2 5 355587 356587
3 5 355662 356662
2 5 355812 356812
1 5 355887 356887
0 5 355962 356962
1 5 356112 357112
2 5 356187 357187
2 5 356337 357337
2 5 356487 357487
0 5 356562 357562
1 5 356712 357712
3 5 356787 357787
1 5 356862 357862
0 5 357012 358012
1 5 357062 358062
2 5 357162 358162
1 5 357262 358262
3 5 357362 358362
0 5 357462 358462
2 5 357562 358562
2 5 357662 358662
0 5 357762 358762
2 5 357912 358912
2 5 358062 359062
3 5 358137 359137
2 5 358212 359212
3 5 358287 359287
2 5 358362 359362
3 5 358437 359437
2 5 358512 359512
3 5 358587 359587
2 5 358662 359662
0 5 358699 359699
2 5 358774 359774
0 5 358849 359849
2 5 358924 359924
0 5 358999 359999
2 5 359074 360074
0 5 359149 360149
2 5 359224 360224
0 5 359262 360262
1 5 359412 360412
2 5 359487 360487
3 5 359562 360562
1 5 359712 360712
0 5 359787 360787
2 5 359862 360862
0 5 360012 361012
1 5 360087 361087
0 5 360162 361162
1 5 360312 361312
0 5 360387 361387
2 5 360462 361462
0 5 360612 361612
2 5 360687 361687
0 5 360762 361762
1 5 360912 361912
0 5 360987 361987
2 5 361062 362062
2 5 361212 362212
0 5 361287 362287
2 5 361362 362362
3 5 361512 362512
2 5 361587 362587
0 5 361662 362662
1 5 361812 362812
3 5 361887 362887
0 5 361962 362962
1 5 362112 363112
3 5 362187 363187
0 5 362262 363262
1 5 362412 363412
2 5 362487 363487
0 5 362562 363562
1 5 362712 363712
2 5 362787 363787
0 5 362862 363862
3 5 363012 364012
2 5 363087 364087
0 5 363162 364162
3 5 363312 364312
1 5 363387 364387
0 5 363462 364462
1 5 363537 364537
0 5 363612 364612
1 5 363687 364687
0 5 363762 364762
1 5 363837 364837
0 5 363912 364912
1 5 363987 364987
0 5 364062 365062
1 5 364212 365212
0 5 364287 365287
2 5 364362 365362
0 5 364512 365512
1 5 364587 365587
0 5 364662 365662
1 5 364812 365812
3 5 364887 365887
1 5 364962 365962
3 5 365037 366037
2 5 365112 366112
0 5 365187 366187
2 5 365262 366262
2 5 365412 366412
1 5 365487 366487
2 5 365562 366562
1 5 365712 366712
2 5 365787 366787
0 5 365862 366862
1 5 366012 367012
3 5 366087 367087
1 5 366162 367162
0 5 366312 367312
2 5 366387 367387
0 5 366462 367462
2 5 366562 367562
1 5 366662 367662
0 5 366762 367762
2 5 366862 367862
3 5 366962 367962
1 5 367062 368062
0 5 367162 368162
3 5 367262 368262
2 5 367362 368362
1 5 367462 368462
2 5 367562 368562
1 5 367662 368662
3 5 367762 368762
1 5 367862 368862
2 5 367962 368962
3 5 368062 369062
0 5 368162 369162
1 5 368262 369262
0 5 368337 369337
1 5 368412 369412
0 5 368487 369487
1 5 368562 369562
0 5 368637 369637
1 5 368712 369712
0 5 368787 369787
2 5 368862 369862
0 5 376062 377062
1 5 376137 377137
0 5 376212 377212
1 5 376287 377287
0 5 376362 377362
1 5 376512 377512
3 5 376587 377587
2 5 376662 377662
0 5 376812 377812
2 5 376887 377887
0 5 376962 377962
2 5 377037 378037
0 5 377112 378112
2 5 377262 378262
3 5 377337 378337
1 5 377412 378412
3 5 377487 378487
1 5 377562 378562
2 5 377712 378712
3 5 377787 378787
2 5 377862 378862
0 5 378012 379012
2 5 378087 379087
1 5 378162 379162
1 5 378462 379462
0 5 378462 379462
3 5 378612 379612
0 5 378687 379687
1 5 378762 379762
3 5 378912 379912
0 5 378912 379912
0 5 379062 380062
3 5 379137 380137
0 5 379212 380212
1 5 379362 380362
0 5 379362 380362
0 5 379512 380512
3 5 379587 380587
1 5 379662 380662
3 5 379737 380737
2 5 379812 380812
3 5 379887 380887
0 5 379962 380962
3 5 380112 381112
2 5 380187 381187
0 5 380262 381262
2 5 380337 381337
3 5 380412 381412
2 5 380562 381562
3 5 380562 381562
3 5 380712 381712
1 5 380787 381787
3 5 380862 381862
1 5 380937 381937
3 5 381012 382012
0 5 381162 382162
1 5 381237 382237
3 5 381312 382312
1 5 381387 382387
0 5 381462 382462
0 5 381612 382612
1 5 381687 382687
3 5 381762 382762
1 5 381837 382837
2 5 381912 382912
1 5 382062 383062
0 5 382062 383062
0 5 382212 383212
1 5 382212 383212
0 5 382362 383362
3 5 382437 383437
1 5 382512 383512
3 5 382662 383662
1 5 382662 383662
2 5 382812 383812
3 5 382887 383887
2 5 382962 383962
3 5 383037 384037
0 5 383112 384112
0 5 383262 384262
1 5 383262 384262
3 5 383412 384412
1 5 383487 384487
0 5 383562 384562
1 5 383712 384712
0 5 383712 384712
0 5 383862 384862
2 5 383937 384937
1 5 384012 385012
3 5 384162 385162
1 5 384237 385237
0 5 384312 385312
2 5 384462 385462
0 5 384462 385462
2 5 384612 385612
0 5 384687 385687
1 5 384762 385762
0 5 384912 385912
1 5 384912 385912
0 5 385062 386062
2 5 385137 386137
0 5 385212 386212
1 5 385362 386362
0 5 385437 386437
2 5 385512 386512
1 5 385662 386662
3 5 385737 386737
2 5 385812 386812
3 5 385887 386887
2 5 385962 386962
3 5 386037 387037
1 5 386112 387112
3 5 386187 387187
1 5 386262 387262
3 5 386337 387337
1 5 386412 387412
3 5 386562 387562
1 5 386637 387637
3 5 386712 387712
0 5 386862 387862
1 5 386937 387937
3 5 387012 388012
1 5 387087 388087
3 5 387162 388162
2 5 387237 388237
3 5 387312 388312
2 5 387387 388387
3 5 387462 388462
1 5 387537 388537
1 5 387687 388687
0 5 387837 388837
3 5 387987 388987
1 5 388062 389062
0 5 388062 389062
0 5 388212 389212
3 5 388437 389437
2 5 388512 389512
0 5 388812 389812
3 5 388962 389962
2 5 389112 390112
2 5 389262 390262
0 5 389262 390262
1 5 389412 390412
3 5 389637 390637
1 5 389712 390712
0 5 390012 391012
3 5 390162 391162
1 5 390312 391312
0 5 390462 391462
1 5 390462 391462
2 5 390612 391612
2 5 390837 391837
1 5 390912 391912
1 5 391212 392212
2 5 391362 392362
2 5 391512 392512
3 5 391662 392662
1 5 391812 392812
2 5 391962 392962
2 5 392112 393112
1 5 392262 393262
0 5 392412 393412
2 5 392637 393637
0 5 392712 393712
1 5 392937 393937
3 5 393087 394087
1 5 393162 394162
2 5 393312 394312
0 5 393387 394387
1 5 393537 394537
3 5 393687 394687
1 5 393762 394762
3 5 393912 394912
1 5 394062 395062
3 5 394137 395137
3 5 394287 395287
2 5 394437 395437
3 5 394587 395587
2 5 394662 395662
2 5 394812 395812
2 5 394962 395962
1 5 395037 396037
2 5 395187 396187
0 5 395262 396262
2 5 395412 396412
0 5 395562 396562
2 5 395637 396637
0 5 395712 396712
2 5 395862 396862
3 5 396012 397012
2 5 396162 397162
0 5 396312 397312
3 5 396462 397462
1 5 396537 397537
3 5 396612 397612
2 5 396687 397687
0 5 396762 397762
2 5 396837 397837
0 5 396912 397912
0 5 397062 398062
0 5 397212 398212
1 5 397287 398287
3 5 397362 398362
2 5 397437 398437
3 5 397512 398512
0 5 397662 398662
2 5 397662 398662
3 5 398135 399135
1 5 398885 399885
3 5 398885 399885
2 5 399735 400735
0 5 400085 401085
1 5 400160 401160
0 5 400235 401235
1 5 400310 401310
0 5 400385 401385
1 5 400460 401460
0 5 400535 401535
1 5 400610 401610
0 5 400685 401685
1 5 400760 401760
0 5 400835 401835
1 5 400910 401910
0 5 400985 401985
1 5 401060 402060
0 5 401135 402135
3 5 401285 402285
1 5 401285 402285
2 5 401510 402510
2 5 401685 402685
0 5 401685 402685
