Starlight (feat. Ronnie Atkins)
Avantasia
Guide Light
99568
1 5 79 1079
2 5 79 1079
3 5 79 1079
3 5 235 1235
0 5 390 1390
3 5 390 1390
0 5 545 1545
1 5 545 1545
2 5 701 1701
3 5 701 1701
2 5 1012 2012
3 5 1012 2012
2 5 1167 2167
3 5 1167 2167
0 5 1323 2323
1 5 1323 2323
2 5 1323 2323
1 5 1478 2478
0 5 1634 2634
3 5 1634 2634
0 5 1789 2789
3 5 1789 2789
0 5 1944 2944
2 5 1944 2944
3 5 1944 2944
1 5 2100 3100
3 5 2255 3255
3 5 2411 3411
0 5 2566 3566
1 5 2566 3566
2 5 2566 3566
2 5 2722 3722
2 5 2877 3877
3 5 2877 3877
0 5 3033 4033
3 5 3033 4033
1 5 3188 4188
2 5 3188 4188
1 5 3499 4499
3 5 3499 4499
1 5 3654 4654
3 5 3654 4654
0 5 3810 4810
2 5 3810 4810
3 5 3810 4810
0 5 3965 4965
1 5 3965 4965
1 5 4121 5121
3 5 4121 5121
1 5 4276 5276
3 5 4276 5276
0 5 4431 5431
2 5 4431 5431
3 5 4431 5431
2 5 4587 5587
0 5 4742 5742
0 5 4898 5898
1 5 5053 6053
2 5 5053 6053
3 5 5053 6053
1 5 5209 6209
1 5 5364 6364
3 5 5364 6364
0 5 5520 6520
3 5 5520 6520
1 5 5675 6675
2 5 5675 6675
1 5 5986 6986
2 5 5986 6986
1 5 6141 7141
2 5 6141 7141
0 5 6297 7297
1 5 6297 7297
3 5 6297 7297
0 5 6452 7452
2 5 6452 7452
2 5 6608 7608
3 5 6608 7608
2 5 6763 7763
3 5 6763 7763
0 5 6919 7919
1 5 6919 7919
3 5 6919 7919
0 5 7074 8074
2 5 7229 8229
2 5 7385 8385
0 5 7540 8540
1 5 7540 8540
3 5 7540 8540
1 5 7696 8696
1 5 7851 8851
3 5 7851 8851
2 5 8007 9007
3 5 8007 9007
0 5 8162 9162
1 5 8162 9162
0 5 8473 9473
3 5 8473 9473
0 5 8628 9628
3 5 8628 9628
0 5 8784 9784
1 5 8784 9784
2 5 8784 9784
1 5 8939 9939
3 5 8939 9939
0 5 9095 10095
3 5 9095 10095
0 5 9250 10250
3 5 9250 10250
0 5 9406 10406
1 5 9406 10406
2 5 9406 10406
2 5 9561 10561
0 5 9716 10716
0 5 9872 10872
1 5 10027 11027
2 5 10027 11027
3 5 10027 11027
1 5 10183 11183
0 5 10338 11338
1 5 10338 11338
0 5 10494 11494
3 5 10494 11494
0 5 10649 11649
2 5 10649 11649
2 5 10960 11960
3 5 10960 11960
2 5 11115 12115
3 5 11115 12115
0 5 11271 12271
1 5 11271 12271
3 5 11271 12271
1 5 11426 12426
2 5 11582 12582
3 5 11582 12582
2 5 11737 12737
3 5 11737 12737
1 5 11893 12893
2 5 11893 12893
3 5 11893 12893
0 5 12048 13048
2 5 12203 13203
2 5 12359 13359
0 5 12514 13514
1 5 12514 13514
3 5 12514 13514
1 5 12670 13670
1 5 12825 13825
3 5 12825 13825
2 5 12981 13981
3 5 12981 13981
0 5 13136 14136
3 5 13136 14136
0 5 13447 14447
3 5 13447 14447
0 5 13602 14602
3 5 13602 14602
0 5 13758 14758
1 5 13758 14758
2 5 13758 14758
1 5 13913 14913
3 5 13913 14913
2 5 14069 15069
3 5 14069 15069
2 5 14224 15224
3 5 14224 15224
0 5 14380 15380
1 5 14380 15380
2 5 14380 15380
0 5 14535 15535
3 5 14691 15691
3 5 14846 15846
0 5 15001 16001
1 5 15001 16001
3 5 15001 16001
1 5 15157 16157
1 5 15312 16312
2 5 15312 16312
2 5 15468 16468
3 5 15468 16468
0 5 15623 16623
2 5 15623 16623
2 5 15934 16934
3 5 15934 16934
2 5 16090 17090
3 5 16090 17090
0 5 16245 17245
1 5 16245 17245
3 5 16245 17245
1 5 16400 17400
2 5 16400 17400
0 5 16556 17556
2 5 16556 17556
0 5 16711 17711
2 5 16711 17711
0 5 16867 17867
1 5 16867 17867
2 5 16867 17867
3 5 17022 18022
0 5 17178 18178
0 5 17333 18333
0 5 17488 18488
1 5 17488 18488
3 5 17488 18488
1 5 17644 18644
1 5 17799 18799
3 5 17799 18799
2 5 17955 18955
3 5 17955 18955
0 5 18110 19110
3 5 18110 19110
0 5 18421 19421
3 5 18421 19421
0 5 18577 19577
3 5 18577 19577
2 5 18654 19654
0 5 18732 19732
1 5 18732 19732
3 5 18732 19732
3 5 18887 19887
2 5 18965 19965
0 5 19043 20043
1 5 19043 20043
0 5 19198 20198
3 5 19354 20354
3 5 19509 20509
0 5 19665 20665
0 5 19820 20820
3 5 19976 20976
3 5 20131 21131
0 5 20286 21286
0 5 20442 21442
3 5 20597 21597
3 5 20753 21753
0 5 20908 21908
0 5 21064 22064
3 5 21219 22219
3 5 21374 22374
0 5 21530 22530
1 5 21530 22530
2 5 21530 22530
1 5 21685 22685
2 5 21841 22841
3 5 21841 22841
1 5 22152 23152
0 5 22463 23463
3 5 22463 23463
1 5 22773 23773
0 5 23084 24084
2 5 23084 24084
3 5 23395 24395
0 5 23706 24706
1 5 23706 24706
2 5 23862 24862
2 5 24017 25017
1 5 24328 25328
3 5 24328 25328
2 5 24639 25639
0 5 24950 25950
3 5 24950 25950
1 5 25260 26260
0 5 25571 26571
2 5 25571 26571
3 5 25882 26882
1 5 26193 27193
2 5 26193 27193
0 5 26504 27504
1 5 26504 27504
1 5 26815 27815
2 5 26815 27815
3 5 27126 28126
0 5 27437 28437
2 5 27437 28437
1 5 27748 28748
2 5 28058 29058
3 5 28058 29058
0 5 28369 29369
1 5 28680 29680
3 5 28680 29680
2 5 28836 29836
0 5 28991 29991
2 5 28991 29991
0 5 29146 30146
1 5 29302 30302
3 5 29302 30302
3 5 29457 30457
0 5 29613 30613
0 5 29768 30768
1 5 29924 30924
3 5 29924 30924
3 5 30079 31079
0 5 30235 31235
0 5 30390 31390
2 5 30545 31545
3 5 30545 31545
3 5 30701 31701
0 5 30856 31856
0 5 31012 32012
2 5 31167 32167
3 5 31167 32167
3 5 31323 32323
0 5 31478 32478
1 5 31478 32478
1 5 31634 32634
2 5 31789 32789
3 5 31789 32789
0 5 32100 33100
1 5 32411 33411
2 5 32411 33411
3 5 32722 33722
0 5 33033 34033
2 5 33033 34033
1 5 33343 34343
2 5 33654 34654
3 5 33654 34654
0 5 33810 34810
0 5 33965 34965
1 5 34276 35276
2 5 34276 35276
0 5 34587 35587
2 5 34898 35898
3 5 34898 35898
1 5 35209 36209
0 5 35520 36520
3 5 35520 36520
2 5 35830 36830
1 5 36141 37141
3 5 36141 37141
0 5 36297 37297
1 5 36374 37374
2 5 36452 37452
3 5 36452 37452
0 5 36763 37763
2 5 36763 37763
3 5 37074 38074
0 5 37385 38385
1 5 37385 38385
2 5 37696 38696
0 5 38007 39007
3 5 38007 39007
1 5 38317 39317
2 5 38628 39628
3 5 38628 39628
0 5 38784 39784
0 5 38939 39939
1 5 38939 39939
1 5 39095 40095
2 5 39250 40250
3 5 39250 40250
3 5 39406 40406
1 5 39561 40561
1 5 39716 40716
0 5 39872 40872
3 5 39872 40872
3 5 40027 41027
1 5 40183 41183
1 5 40338 41338
0 5 40494 41494
3 5 40494 41494
3 5 40649 41649
1 5 40805 41805
1 5 40960 41960
2 5 41115 42115
3 5 41115 42115
3 5 41271 42271
0 5 41426 42426
1 5 41426 42426
2 5 41426 42426
0 5 41582 42582
1 5 41737 42737
3 5 41737 42737
1 5 42048 43048
1 5 42203 43203
0 5 42359 43359
3 5 42359 43359
0 5 42670 43670
3 5 42670 43670
3 5 42825 43825
1 5 42981 43981
2 5 42981 43981
1 5 43292 44292
1 5 43447 44447
2 5 43602 44602
3 5 43602 44602
1 5 43913 44913
2 5 43913 44913
3 5 43913 44913
2 5 44069 45069
0 5 44224 45224
3 5 44224 45224
3 5 44535 45535
3 5 44691 45691
0 5 44846 45846
2 5 44846 45846
0 5 45157 46157
2 5 45157 46157
0 5 45312 46312
1 5 45468 46468
3 5 45468 46468
1 5 45779 46779
1 5 45934 46934
0 5 46090 47090
3 5 46090 47090
1 5 46245 47245
0 5 46400 47400
1 5 46400 47400
3 5 46400 47400
1 5 46556 47556
0 5 46711 47711
2 5 46711 47711
2 5 47022 48022
2 5 47178 48178
0 5 47333 48333
1 5 47333 48333
1 5 47644 48644
3 5 47644 48644
1 5 47799 48799
0 5 47955 48955
2 5 47955 48955
0 5 48266 49266
0 5 48421 49421
1 5 48577 49577
2 5 48577 49577
0 5 48732 49732
0 5 48887 49887
1 5 48887 49887
2 5 48887 49887
0 5 49198 50198
3 5 49198 50198
3 5 49509 50509
3 5 49665 50665
0 5 49820 50820
1 5 49820 50820
1 5 50131 51131
1 5 50286 51286
0 5 50442 51442
3 5 50442 51442
3 5 50753 51753
3 5 50908 51908
0 5 51064 52064
1 5 51064 52064
3 5 51219 52219
0 5 51374 52374
1 5 51374 52374
3 5 51374 52374
3 5 51530 52530
1 5 51841 52841
2 5 51996 52996
3 5 51996 52996
2 5 52463 53463
3 5 52773 53773
3 5 52929 53929
1 5 53240 54240
2 5 53240 54240
2 5 53706 54706
1 5 53862 54862
2 5 53862 54862
3 5 53862 54862
3 5 54017 55017
3 5 54172 55172
0 5 54328 55328
3 5 54328 55328
0 5 54483 55483
3 5 54483 55483
0 5 54639 55639
1 5 54639 55639
3 5 54639 55639
0 5 54794 55794
1 5 54794 55794
3 5 54794 55794
0 5 54950 55950
1 5 54950 55950
3 5 54950 55950
0 5 55105 56105
1 5 55105 56105
3 5 55105 56105
0 5 55727 56727
1 5 55727 56727
2 5 55727 56727
1 5 55882 56882
2 5 55882 56882
3 5 55882 56882
0 5 56038 57038
2 5 56038 57038
3 5 56038 57038
0 5 56193 57193
1 5 56193 57193
3 5 56193 57193
0 5 56349 57349
1 5 56349 57349
2 5 56349 57349
3 5 56504 57504
0 5 56659 57659
1 5 56659 57659
1 5 56815 57815
2 5 56815 57815
3 5 56815 57815
0 5 56970 57970
2 5 57126 58126
0 5 57281 58281
1 5 57281 58281
2 5 57281 58281
3 5 57281 58281
1 5 57437 58437
0 5 57592 58592
2 5 57748 58748
0 5 57903 58903
3 5 57903 58903
1 5 58058 59058
2 5 58058 59058
0 5 58214 59214
1 5 58214 59214
3 5 58214 59214
0 5 58369 59369
2 5 58369 59369
3 5 58369 59369
0 5 58525 59525
1 5 58525 59525
2 5 58525 59525
3 5 58525 59525
0 5 58680 59680
1 5 58680 59680
3 5 58680 59680
1 5 58836 59836
2 5 58836 59836
3 5 58836 59836
0 5 58991 59991
2 5 59146 60146
3 5 59146 60146
0 5 59302 60302
1 5 59302 60302
2 5 59302 60302
3 5 59457 60457
0 5 59613 60613
0 5 59768 60768
1 5 59768 60768
2 5 59768 60768
3 5 59768 60768
2 5 59924 60924
1 5 60079 61079
0 5 60235 61235
1 5 60390 61390
3 5 60390 61390
2 5 60545 61545
0 5 60701 61701
1 5 60701 61701
3 5 60701 61701
0 5 60856 61856
1 5 60856 61856
2 5 60856 61856
0 5 61012 62012
1 5 61012 62012
2 5 61012 62012
3 5 61012 62012
0 5 61167 62167
2 5 61167 62167
3 5 61167 62167
0 5 61323 62323
1 5 61323 62323
3 5 61323 62323
2 5 61478 62478
0 5 61634 62634
1 5 61634 62634
1 5 61789 62789
2 5 61789 62789
3 5 61789 62789
0 5 61944 62944
2 5 62100 63100
0 5 62255 63255
1 5 62255 63255
2 5 62255 63255
3 5 62255 63255
0 5 62411 63411
1 5 62566 63566
2 5 62722 63722
0 5 62877 63877
1 5 62877 63877
3 5 63033 64033
0 5 63188 64188
1 5 63188 64188
2 5 63188 64188
0 5 63343 64343
1 5 63343 64343
3 5 63343 64343
0 5 63499 64499
1 5 63499 64499
2 5 63499 64499
3 5 63499 64499
0 5 63654 64654
2 5 63654 64654
3 5 63654 64654
1 5 63810 64810
2 5 63810 64810
3 5 63810 64810
0 5 63965 64965
1 5 64121 65121
3 5 64121 65121
0 5 64276 65276
1 5 64276 65276
2 5 64276 65276
3 5 64431 65431
0 5 64587 65587
0 5 64742 65742
1 5 64742 65742
2 5 64742 65742
3 5 64742 65742
3 5 64898 65898
1 5 65053 66053
0 5 65209 66209
2 5 65209 66209
3 5 65364 66364
1 5 65520 66520
0 5 65675 66675
1 5 65675 66675
2 5 65675 66675
3 5 65675 66675
0 5 65830 66830
2 5 65830 66830
3 5 65830 66830
0 5 65986 66986
1 5 65986 66986
2 5 65986 66986
3 5 65986 66986
0 5 66141 67141
1 5 66141 67141
2 5 66141 67141
3 5 66141 67141
0 5 66297 67297
1 5 66297 67297
2 5 66297 67297
3 5 66452 67452
2 5 66608 67608
3 5 66608 67608
0 5 66763 67763
1 5 66763 67763
3 5 66763 67763
2 5 66919 67919
0 5 67074 68074
0 5 67229 68229
1 5 67229 68229
2 5 67229 68229
3 5 67229 68229
3 5 67385 68385
2 5 67540 68540
0 5 67696 68696
1 5 67851 68851
0 5 67851 68851
2 5 67851 68851
3 5 67851 68851
2 5 68007 69007
1 5 68162 69162
3 5 68317 69317
0 5 68473 69473
2 5 68473 69473
1 5 68628 69628
0 5 68784 69784
2 5 68784 69784
3 5 68784 69784
1 5 68939 69939
0 5 69095 70095
3 5 69095 70095
1 5 69250 70250
2 5 69250 70250
3 5 69250 70250
0 5 69406 70406
3 5 69561 70561
0 5 69716 70716
1 5 69716 70716
2 5 69716 70716
3 5 69716 70716
1 5 69872 70872
2 5 70027 71027
3 5 70183 71183
0 5 70338 71338
1 5 70338 71338
2 5 70338 71338
3 5 70338 71338
0 5 70494 71494
1 5 70649 71649
2 5 70649 71649
3 5 70649 71649
3 5 70805 71805
0 5 70960 71960
1 5 70960 71960
2 5 70960 71960
3 5 70960 71960
1 5 71115 72115
0 5 71271 72271
1 5 71271 72271
3 5 71271 72271
2 5 71426 72426
0 5 71582 72582
1 5 71582 72582
0 5 71737 72737
2 5 71737 72737
3 5 71737 72737
1 5 71893 72893
3 5 72048 73048
0 5 72203 73203
1 5 72203 73203
2 5 72203 73203
3 5 72203 73203
1 5 72359 73359
0 5 72514 73514
1 5 72514 73514
3 5 72514 73514
2 5 72670 73670
0 5 72825 73825
1 5 72825 73825
3 5 72981 73981
2 5 73136 74136
1 5 73292 74292
0 5 73447 74447
3 5 73447 74447
2 5 73602 74602
1 5 73758 74758
3 5 73758 74758
1 5 73913 74913
3 5 73913 74913
0 5 74069 75069
1 5 74069 75069
2 5 74069 75069
0 5 74224 75224
2 5 74224 75224
0 5 74380 75380
0 5 74535 75535
1 5 74691 75691
2 5 74691 75691
3 5 74691 75691
2 5 74846 75846
3 5 74846 75846
2 5 75001 76001
3 5 75001 76001
0 5 75157 76157
1 5 75157 76157
3 5 75157 76157
2 5 75312 76312
2 5 75468 76468
0 5 75623 76623
3 5 75623 76623
0 5 75779 76779
3 5 75779 76779
0 5 75934 76934
3 5 75934 76934
0 5 76090 77090
3 5 76090 77090
1 5 76245 77245
2 5 76245 77245
1 5 76400 77400
2 5 76556 77556
2 5 76711 77711
1 5 76867 77867
1 5 77022 78022
2 5 77178 78178
2 5 77333 78333
1 5 77488 78488
1 5 77644 78644
2 5 77799 78799
2 5 77955 78955
1 5 78110 79110
1 5 78266 79266
2 5 78421 79421
2 5 78577 79577
0 5 78732 79732
1 5 78732 79732
3 5 78732 79732
0 5 78887 79887
2 5 79043 80043
3 5 79043 80043
1 5 79354 80354
0 5 79665 80665
2 5 79665 80665
3 5 79976 80976
0 5 80286 81286
1 5 80286 81286
2 5 80597 81597
0 5 80908 81908
3 5 80908 81908
1 5 81064 82064
1 5 81219 82219
2 5 81530 82530
3 5 81530 82530
0 5 81841 82841
1 5 82152 83152
2 5 82152 83152
3 5 82463 83463
0 5 82773 83773
1 5 82773 83773
2 5 83084 84084
1 5 83395 84395
3 5 83395 84395
3 5 83551 84551
2 5 83628 84628
0 5 83706 84706
1 5 83706 84706
2 5 84017 85017
3 5 84017 85017
0 5 84328 85328
1 5 84639 85639
3 5 84639 85639
2 5 84950 85950
0 5 85260 86260
3 5 85260 86260
2 5 85571 86571
0 5 85882 86882
1 5 85882 86882
3 5 86038 87038
1 5 86193 87193
2 5 86193 87193
3 5 86193 87193
1 5 86349 87349
0 5 86504 87504
3 5 86504 87504
3 5 86659 87659
1 5 86815 87815
1 5 86970 87970
0 5 87126 88126
3 5 87126 88126
3 5 87281 88281
1 5 87437 88437
1 5 87592 88592
2 5 87748 88748
3 5 87748 88748
3 5 87903 88903
1 5 88058 89058
1 5 88214 89214
2 5 88369 89369
3 5 88369 89369
3 5 88525 89525
0 5 88680 89680
1 5 88680 89680
2 5 88680 89680
0 5 88836 89836
1 5 88991 89991
3 5 88991 89991
2 5 89302 90302
0 5 89613 90613
1 5 89613 90613
3 5 89924 90924
1 5 90235 91235
2 5 90235 91235
0 5 90545 91545
1 5 90856 91856
3 5 90856 91856
2 5 91012 92012
2 5 91167 92167
0 5 91478 92478
1 5 91478 92478
3 5 91789 92789
1 5 92100 93100
2 5 92100 93100
0 5 92411 93411
2 5 92722 93722
3 5 92722 93722
1 5 93033 94033
2 5 93343 94343
3 5 93343 94343
0 5 93499 94499
1 5 93577 94577
2 5 93654 94654
3 5 93654 94654
1 5 93965 94965
2 5 93965 94965
0 5 94276 95276
1 5 94587 95587
3 5 94587 95587
2 5 94898 95898
0 5 95209 96209
3 5 95209 96209
1 5 95520 96520
2 5 95830 96830
3 5 95830 96830
0 5 95986 96986
0 5 96141 97141
1 5 96141 97141
2 5 96141 97141
1 5 96297 97297
2 5 96452 97452
3 5 96452 97452
3 5 96608 97608
1 5 96763 97763
1 5 96919 97919
2 5 97074 98074
3 5 97074 98074
3 5 97229 98229
1 5 97385 98385
1 5 97540 98540
0 5 97696 98696
3 5 97696 98696
3 5 97851 98851
1 5 98007 99007
1 5 98162 99162
2 5 98317 99317
3 5 98317 99317
3 5 98473 99473
0 5 98628 99628
1 5 98628 99628
2 5 98628 99628
0 5 98784 99784
1 5 98939 99939
3 5 98939 99939
1 5 99250 100250
1 5 99406 100406
0 5 99561 100561
3 5 99561 100561
0 5 99872 100872
3 5 99872 100872
0 5 100027 101027
1 5 100183 101183
2 5 100183 101183
2 5 100494 101494
2 5 100649 101649
0 5 100805 101805
1 5 100805 101805
0 5 101115 102115
2 5 101115 102115
0 5 101271 102271
1 5 101426 102426
3 5 101426 102426
1 5 101737 102737
1 5 101893 102893
0 5 102048 103048
3 5 102048 103048
0 5 102359 103359
1 5 102359 103359
0 5 102514 103514
2 5 102670 103670
3 5 102670 103670
3 5 102981 103981
3 5 103136 104136
0 5 103292 104292
2 5 103292 104292
3 5 103447 104447
0 5 103602 104602
3 5 103602 104602
3 5 103758 104758
1 5 103913 104913
2 5 103913 104913
2 5 104224 105224
2 5 104380 105380
1 5 104535 105535
3 5 104535 105535
0 5 104846 105846
1 5 104846 105846
1 5 105001 106001
2 5 105157 106157
3 5 105157 106157
3 5 105468 106468
3 5 105623 106623
1 5 105779 106779
2 5 105779 106779
3 5 105934 106934
2 5 106090 107090
3 5 106090 107090
0 5 106400 107400
3 5 106400 107400
3 5 106711 107711
3 5 106867 107867
0 5 107022 108022
1 5 107022 108022
0 5 107333 108333
0 5 107488 108488
1 5 107644 108644
3 5 107644 108644
1 5 107955 108955
1 5 108110 109110
0 5 108266 109266
3 5 108266 109266
1 5 108421 109421
1 5 108577 109577
3 5 108577 109577
1 5 108732 109732
0 5 109043 110043
1 5 109198 110198
2 5 109198 110198
2 5 109665 110665
1 5 109976 110976
1 5 110131 111131
0 5 110442 111442
2 5 110442 111442
1 5 110908 111908
0 5 111064 112064
1 5 111064 112064
2 5 111064 112064
0 5 111219 112219
0 5 111374 112374
0 5 111530 112530
3 5 111530 112530
0 5 111685 112685
3 5 111685 112685
0 5 111841 112841
2 5 111841 112841
3 5 111841 112841
0 5 111996 112996
2 5 111996 112996
3 5 111996 112996
0 5 112152 113152
2 5 112152 113152
3 5 112152 113152
0 5 112307 113307
2 5 112307 113307
3 5 112307 113307
1 5 112929 113929
2 5 112929 113929
3 5 112929 113929
0 5 113084 114084
1 5 113084 114084
2 5 113084 114084
0 5 113240 114240
1 5 113240 114240
3 5 113240 114240
1 5 113395 114395
2 5 113395 114395
3 5 113395 114395
0 5 113551 114551
2 5 113551 114551
3 5 113551 114551
1 5 113706 114706
2 5 113862 114862
3 5 113862 114862
0 5 114017 115017
1 5 114017 115017
2 5 114017 115017
3 5 114172 115172
0 5 114328 115328
0 5 114483 115483
1 5 114483 115483
2 5 114483 115483
3 5 114483 115483
2 5 114639 115639
1 5 114794 115794
0 5 114950 115950
1 5 115105 116105
3 5 115105 116105
0 5 115260 116260
2 5 115260 116260
0 5 115416 116416
1 5 115416 116416
3 5 115416 116416
1 5 115571 116571
2 5 115571 116571
3 5 115571 116571
0 5 115727 116727
1 5 115727 116727
2 5 115727 116727
3 5 115727 116727
0 5 115882 116882
1 5 115882 116882
3 5 115882 116882
0 5 116038 117038
2 5 116038 117038
3 5 116038 117038
1 5 116193 117193
2 5 116349 117349
3 5 116349 117349
0 5 116504 117504
1 5 116504 117504
2 5 116504 117504
3 5 116659 117659
0 5 116815 117815
0 5 116970 117970
1 5 116970 117970
2 5 116970 117970
3 5 116970 117970
2 5 117126 118126
0 5 117281 118281
1 5 117437 118437
0 5 117592 118592
2 5 117592 118592
3 5 117748 118748
0 5 117903 118903
1 5 117903 118903
2 5 117903 118903
0 5 118058 119058
2 5 118058 119058
3 5 118058 119058
0 5 118214 119214
1 5 118214 119214
2 5 118214 119214
3 5 118214 119214
1 5 118369 119369
2 5 118369 119369
3 5 118369 119369
0 5 118525 119525
1 5 118525 119525
2 5 118525 119525
3 5 118680 119680
0 5 118836 119836
2 5 118836 119836
0 5 118991 119991
1 5 118991 119991
3 5 118991 119991
2 5 119146 120146
0 5 119302 120302
0 5 119457 120457
1 5 119457 120457
2 5 119457 120457
3 5 119457 120457
3 5 119613 120613
1 5 119768 120768
0 5 119924 120924
1 5 120079 121079
2 5 120079 121079
3 5 120235 121235
0 5 120390 121390
1 5 120390 121390
2 5 120390 121390
0 5 120545 121545
2 5 120545 121545
3 5 120545 121545
0 5 120701 121701
1 5 120701 121701
2 5 120701 121701
3 5 120701 121701
0 5 120856 121856
1 5 120856 121856
3 5 120856 121856
1 5 121012 122012
2 5 121012 122012
3 5 121012 122012
0 5 121167 122167
1 5 121323 122323
3 5 121323 122323
0 5 121478 122478
1 5 121478 122478
2 5 121478 122478
3 5 121634 122634
0 5 121789 122789
0 5 121944 122944
1 5 121944 122944
2 5 121944 122944
3 5 121944 122944
3 5 122100 123100
2 5 122255 123255
1 5 122411 123411
3 5 122411 123411
0 5 122566 123566
2 5 122722 123722
0 5 122877 123877
1 5 122877 123877
2 5 122877 123877
3 5 122877 123877
0 5 123033 124033
1 5 123033 124033
3 5 123033 124033
0 5 123188 124188
1 5 123188 124188
2 5 123188 124188
3 5 123188 124188
0 5 123343 124343
1 5 123343 124343
2 5 123343 124343
3 5 123343 124343
0 5 123499 124499
2 5 123499 124499
3 5 123499 124499
1 5 123654 124654
0 5 123810 124810
3 5 123810 124810
1 5 123965 124965
2 5 123965 124965
3 5 123965 124965
0 5 124121 125121
2 5 124276 125276
0 5 124431 125431
1 5 124431 125431
2 5 124431 125431
3 5 124431 125431
0 5 124587 125587
2 5 124742 125742
3 5 124898 125898
0 5 125053 126053
1 5 125053 126053
2 5 125053 126053
3 5 125053 126053
1 5 125209 126209
2 5 125364 126364
3 5 125520 126520
0 5 125675 126675
1 5 125675 126675
2 5 125830 126830
0 5 125986 126986
1 5 125986 126986
3 5 125986 126986
2 5 126141 127141
0 5 126297 127297
3 5 126297 127297
0 5 126452 127452
1 5 126452 127452
2 5 126452 127452
3 5 126608 127608
0 5 126763 127763
0 5 126919 127919
1 5 126919 127919
2 5 126919 127919
3 5 126919 127919
3 5 127074 128074
2 5 127229 128229
1 5 127385 128385
0 5 127540 128540
1 5 127540 128540
2 5 127540 128540
3 5 127540 128540
3 5 127696 128696
0 5 127851 128851
2 5 127851 128851
3 5 127851 128851
0 5 128007 129007
0 5 128162 129162
1 5 128162 129162
2 5 128162 129162
3 5 128162 129162
2 5 128317 129317
1 5 128473 129473
2 5 128473 129473
3 5 128473 129473
0 5 128628 129628
1 5 128784 129784
3 5 128784 129784
0 5 128939 129939
1 5 128939 129939
2 5 128939 129939
3 5 129095 130095
2 5 129250 130250
0 5 129406 130406
1 5 129406 130406
3 5 129561 130561
0 5 129716 130716
2 5 129716 130716
3 5 129716 130716
0 5 129872 130872
1 5 129872 130872
2 5 129872 130872
2 5 130027 131027
3 5 130027 131027
0 5 130183 131183
1 5 130183 131183
3 5 130183 131183
2 5 130338 131338
0 5 130494 131494
0 5 130649 131649
1 5 130649 131649
2 5 130649 131649
3 5 130649 131649
1 5 130805 131805
2 5 130805 131805
3 5 130805 131805
0 5 130960 131960
2 5 130960 131960
0 5 131115 132115
2 5 131115 132115
0 5 131271 132271
1 5 131271 132271
3 5 131271 132271
1 5 131426 132426
2 5 131426 132426
1 5 131582 132582
1 5 131737 132737
0 5 131893 132893
2 5 131893 132893
3 5 131893 132893
2 5 132048 133048
3 5 132048 133048
2 5 132203 133203
3 5 132203 133203
0 5 132359 133359
1 5 132359 133359
2 5 132359 133359
0 5 132514 133514
0 5 132670 133670
1 5 132825 133825
2 5 132825 133825
1 5 132981 133981
2 5 132981 133981
1 5 133136 134136
2 5 133136 134136
1 5 133292 134292
2 5 133292 134292
0 5 133447 134447
3 5 133447 134447
2 5 133602 134602
0 5 133758 134758
1 5 133758 134758
3 5 133913 134913
0 5 134069 135069
2 5 134224 135224
1 5 134380 135380
3 5 134380 135380
0 5 134535 135535
3 5 134691 135691
1 5 134846 135846
2 5 135001 136001
3 5 135001 136001
0 5 135157 136157
1 5 135312 136312
3 5 135468 136468
0 5 135623 136623
1 5 135623 136623
2 5 135779 136779
1 5 135934 136934
3 5 135934 136934
0 5 136090 137090
1 5 136245 137245
2 5 136245 137245
3 5 136400 137400
2 5 136556 137556
1 5 136711 137711
0 5 136867 137867
2 5 136867 137867
3 5 137022 138022
1 5 137178 138178
2 5 137333 138333
3 5 137333 138333
0 5 137488 138488
3 5 137644 138644
1 5 137799 138799
2 5 137799 138799
0 5 137955 138955
1 5 138110 139110
3 5 138110 139110
2 5 138266 139266
3 5 138421 139421
0 5 138577 139577
0 5 138732 139732
1 5 138732 139732
3 5 138732 139732
2 5 138887 139887
3 5 139043 140043
0 5 139198 140198
1 5 139198 140198
2 5 139354 140354
3 5 139354 140354
0 5 139509 140509
1 5 139665 140665
2 5 139665 140665
3 5 139820 140820
0 5 139976 140976
2 5 139976 140976
1 5 140131 141131
3 5 140131 141131
0 5 140286 141286
2 5 140442 141442
0 5 140597 141597
1 5 140597 141597
3 5 140597 141597
2 5 140753 141753
1 5 140908 141908
3 5 140908 141908
0 5 141064 142064
2 5 141064 142064
1 5 141219 142219
2 5 141219 142219
3 5 141219 142219
0 5 141374 142374
3 5 141530 142530
1 5 141685 142685
2 5 141685 142685
0 5 141841 142841
3 5 141841 142841
2 5 141996 142996
1 5 142152 143152
3 5 142152 143152
0 5 142307 143307
2 5 142463 143463
3 5 142463 143463
0 5 142618 143618
1 5 142618 143618
3 5 142773 143773
0 5 142929 143929
1 5 143084 144084
2 5 143084 144084
3 5 143084 144084
0 5 143240 144240
2 5 143395 144395
3 5 143395 144395
1 5 143551 144551
0 5 143706 144706
2 5 143706 144706
3 5 143706 144706
1 5 143862 144862
0 5 144017 145017
2 5 144017 145017
3 5 144172 145172
1 5 144328 145328
2 5 144328 145328
0 5 144483 145483
3 5 144483 145483
1 5 144639 145639
2 5 144794 145794
3 5 144794 145794
0 5 144950 145950
1 5 144950 145950
3 5 144950 145950
1 5 145105 146105
2 5 145105 146105
0 5 145260 146260
2 5 145260 146260
3 5 145416 146416
1 5 145571 146571
2 5 145571 146571
3 5 145571 146571
0 5 145727 146727
1 5 145882 146882
2 5 145882 146882
3 5 146038 147038
0 5 146193 147193
1 5 146193 147193
2 5 146193 147193
1 5 146349 147349
0 5 146504 147504
3 5 146504 147504
2 5 146659 147659
0 5 146815 147815
1 5 146815 147815
3 5 146815 147815
1 5 146970 147970
2 5 146970 147970
0 5 147126 148126
1 5 147281 148281
2 5 147281 148281
3 5 147281 148281
2 5 147437 148437
3 5 147437 148437
1 5 147592 148592
3 5 147592 148592
0 5 147748 148748
1 5 147748 148748
2 5 147748 148748
0 5 147903 148903
0 5 148058 149058
2 5 148058 149058
3 5 148058 149058
2 5 148214 149214
3 5 148214 149214
0 5 148369 149369
1 5 148369 149369
3 5 148525 149525
0 5 148680 149680
1 5 148680 149680
2 5 148680 149680
3 5 148836 149836
1 5 148991 149991
0 5 149146 150146
3 5 149146 150146
1 5 149302 150302
2 5 149302 150302
0 5 149457 150457
2 5 149613 150613
3 5 149613 150613
1 5 149768 150768
0 5 149924 150924
2 5 149924 150924
1 5 150079 151079
3 5 150079 151079
0 5 150235 151235
2 5 150235 151235
1 5 150390 151390
0 5 150545 151545
2 5 150545 151545
3 5 150545 151545
1 5 150701 151701
2 5 150856 151856
3 5 150856 151856
0 5 151012 152012
1 5 151167 152167
2 5 151167 152167
3 5 151167 152167
0 5 151323 152323
2 5 151478 152478
1 5 151634 152634
3 5 151634 152634
0 5 151789 152789
2 5 151789 152789
1 5 151944 152944
2 5 152100 153100
3 5 152100 153100
0 5 152255 153255
1 5 152411 153411
2 5 152411 153411
0 5 152566 153566
3 5 152566 153566
2 5 152722 153722
1 5 152877 153877
0 5 153033 154033
2 5 153033 154033
3 5 153033 154033
1 5 153188 154188
0 5 153343 154343
3 5 153343 154343
1 5 153499 154499
0 5 153654 154654
2 5 153654 154654
3 5 153654 154654
0 5 153810 154810
1 5 153965 154965
3 5 154121 155121
0 5 154276 155276
1 5 154276 155276
2 5 154276 155276
2 5 154431 155431
3 5 154587 155587
1 5 154742 155742
0 5 154898 155898
2 5 154898 155898
3 5 154898 155898
3 5 155053 156053
0 5 155209 156209
1 5 155364 156364
0 5 155520 156520
2 5 155520 156520
3 5 155520 156520
0 5 155675 156675
1 5 155830 156830
2 5 155830 156830
3 5 155986 156986
0 5 156141 157141
1 5 156141 157141
2 5 156141 157141
2 5 156297 157297
3 5 156452 157452
1 5 156608 157608
0 5 156763 157763
2 5 156763 157763
3 5 156763 157763
3 5 156919 157919
1 5 157074 158074
0 5 157229 158229
2 5 157229 158229
3 5 157229 158229
1 5 157385 158385
3 5 157540 158540
2 5 157696 158696
2 5 157851 158851
1 5 158007 159007
1 5 158162 159162
0 5 158317 159317
2 5 158939 159939
3 5 159561 160561
2 5 160183 161183
0 5 160805 161805
2 5 160805 161805
1 5 161426 162426
2 5 162048 163048
0 5 162670 163670
1 5 163292 164292
3 5 163292 164292
1 5 163913 164913
3 5 164535 165535
2 5 165157 166157
0 5 165779 166779
0 5 165934 166934
0 5 166090 167090
0 5 166245 167245
0 5 166400 167400
3 5 166400 167400
0 5 166556 167556
3 5 166556 167556
0 5 166711 167711
3 5 166711 167711
0 5 166867 167867
3 5 166867 167867
0 5 167022 168022
2 5 167022 168022
3 5 167022 168022
0 5 167178 168178
2 5 167178 168178
3 5 167178 168178
0 5 167333 168333
2 5 167333 168333
3 5 167333 168333
0 5 167488 168488
2 5 167488 168488
3 5 167488 168488
0 5 167644 168644
1 5 167644 168644
2 5 167644 168644
3 5 167644 168644
0 5 167799 168799
1 5 167799 168799
2 5 167799 168799
3 5 167799 168799
0 5 167955 168955
1 5 167955 168955
2 5 167955 168955
3 5 167955 168955
0 5 168110 169110
1 5 168110 169110
2 5 168110 169110
3 5 168110 169110
0 5 168266 169266
1 5 168266 169266
2 5 168266 169266
3 5 168266 169266
3 5 168421 169421
0 5 168577 169577
1 5 168577 169577
1 5 168732 169732
2 5 168732 169732
3 5 168732 169732
0 5 168887 169887
2 5 169043 170043
0 5 169198 170198
1 5 169198 170198
2 5 169198 170198
3 5 169198 170198
1 5 169354 170354
3 5 169509 170509
2 5 169665 170665
1 5 169820 170820
3 5 169820 170820
0 5 169976 170976
1 5 170131 171131
2 5 170131 171131
3 5 170131 171131
0 5 170286 171286
1 5 170286 171286
2 5 170286 171286
0 5 170442 171442
1 5 170442 171442
2 5 170442 171442
3 5 170442 171442
0 5 170597 171597
1 5 170597 171597
3 5 170597 171597
0 5 170753 171753
2 5 170753 171753
3 5 170753 171753
1 5 170908 171908
0 5 171064 172064
2 5 171064 172064
0 5 171219 172219
1 5 171219 172219
3 5 171219 172219
2 5 171374 172374
3 5 171530 172530
0 5 171685 172685
1 5 171685 172685
2 5 171685 172685
3 5 171685 172685
0 5 171841 172841
2 5 171996 172996
1 5 172152 173152
2 5 172307 173307
3 5 172307 173307
0 5 172463 173463
1 5 172618 173618
2 5 172618 173618
3 5 172618 173618
0 5 172773 173773
1 5 172773 173773
3 5 172773 173773
0 5 172929 173929
1 5 172929 173929
2 5 172929 173929
3 5 172929 173929
0 5 173084 174084
1 5 173084 174084
2 5 173084 174084
0 5 173240 174240
2 5 173240 174240
3 5 173240 174240
1 5 173395 174395
2 5 173551 174551
3 5 173551 174551
0 5 173706 174706
1 5 173706 174706
2 5 173706 174706
3 5 173862 174862
0 5 174017 175017
0 5 174172 175172
1 5 174172 175172
2 5 174172 175172
3 5 174172 175172
2 5 174328 175328
1 5 174483 175483
0 5 174639 175639
2 5 174794 175794
3 5 174794 175794
0 5 174950 175950
0 5 175105 176105
1 5 175105 176105
2 5 175105 176105
1 5 175260 176260
2 5 175260 176260
3 5 175260 176260
0 5 175416 176416
1 5 175416 176416
2 5 175416 176416
3 5 175416 176416
0 5 175571 176571
1 5 175571 176571
3 5 175571 176571
0 5 175727 176727
2 5 175727 176727
3 5 175727 176727
1 5 175882 176882
2 5 176038 177038
3 5 176038 177038
0 5 176193 177193
1 5 176193 177193
3 5 176193 177193
2 5 176349 177349
0 5 176504 177504
0 5 176659 177659
1 5 176659 177659
2 5 176659 177659
3 5 176659 177659
3 5 176815 177815
0 5 176970 177970
1 5 177126 178126
2 5 177126 178126
0 5 177281 178281
3 5 177437 178437
0 5 177592 178592
1 5 177592 178592
2 5 177592 178592
3 5 177592 178592
0 5 177748 178748
1 5 177748 178748
2 5 177748 178748
0 5 177903 178903
1 5 177903 178903
2 5 177903 178903
3 5 177903 178903
0 5 178058 179058
1 5 178058 179058
2 5 178058 179058
3 5 178058 179058
0 5 178214 179214
2 5 178214 179214
3 5 178214 179214
1 5 178369 179369
0 5 178525 179525
3 5 178525 179525
0 5 178680 179680
1 5 178680 179680
2 5 178680 179680
3 5 178836 179836
0 5 178991 179991
0 5 179146 180146
1 5 179146 180146
2 5 179146 180146
3 5 179146 180146
2 5 179302 180302
1 5 179457 180457
3 5 179613 180613
0 5 179768 180768
1 5 179768 180768
2 5 179768 180768
3 5 179768 180768
0 5 179924 180924
1 5 180079 181079
2 5 180235 181235
0 5 180390 181390
1 5 180390 181390
2 5 180545 181545
0 5 180701 181701
1 5 180701 181701
3 5 180701 181701
3 5 180856 181856
0 5 181012 182012
2 5 181012 182012
1 5 181167 182167
2 5 181167 182167
3 5 181167 182167
0 5 181323 182323
3 5 181478 182478
0 5 181634 182634
1 5 181634 182634
2 5 181634 182634
3 5 181634 182634
1 5 181789 182789
3 5 181944 182944
0 5 182100 183100
1 5 182100 183100
2 5 182100 183100
2 5 182255 183255
3 5 182255 183255
1 5 182411 183411
0 5 182566 183566
2 5 182566 183566
3 5 182566 183566
1 5 182722 183722
0 5 182877 183877
1 5 182877 183877
2 5 182877 183877
3 5 182877 183877
3 5 183033 184033
0 5 183188 184188
1 5 183188 184188
2 5 183188 184188
3 5 183343 184343
0 5 183499 184499
2 5 183499 184499
1 5 183654 184654
2 5 183654 184654
3 5 183654 184654
0 5 183810 184810
1 5 183965 184965
2 5 184121 185121
3 5 184121 185121
1 5 184276 185276
0 5 184431 185431
1 5 184431 185431
3 5 184431 185431
0 5 184587 185587
2 5 184587 185587
3 5 184587 185587
1 5 184742 185742
3 5 184742 185742
0 5 184898 185898
1 5 184898 185898
2 5 184898 185898
3 5 185053 186053
0 5 185209 186209
1 5 185209 186209
3 5 185209 186209
1 5 185364 186364
2 5 185364 186364
3 5 185520 186520
0 5 185675 186675
2 5 185675 186675
1 5 185830 186830
0 5 185986 186986
1 5 185986 186986
2 5 185986 186986
3 5 185986 186986
3 5 186141 187141
1 5 186297 187297
2 5 186452 187452
1 5 186608 187608
3 5 186608 187608
0 5 186763 187763
1 5 186919 187919
2 5 187074 188074
3 5 187074 188074
2 5 187229 188229
3 5 187229 188229
0 5 187385 188385
1 5 187463 188463
2 5 187540 188540
3 5 187540 188540
0 5 187618 188618
1 5 187696 188696
2 5 187696 188696
3 5 187773 188773
0 5 187851 188851
1 5 187851 188851
2 5 187929 188929
0 5 188007 189007
3 5 188007 189007
1 5 188084 189084
0 5 188162 189162
2 5 188162 189162
3 5 188162 189162
1 5 188317 189317
2 5 188473 189473
3 5 188473 189473
0 5 188628 189628
1 5 188628 189628
3 5 188628 189628
2 5 188784 189784
0 5 188939 189939
0 5 189095 190095
1 5 189095 190095
2 5 189095 190095
3 5 189095 190095
3 5 189250 190250
2 5 189406 190406
1 5 189561 190561
0 5 189716 190716
3 5 189716 190716
2 5 189872 190872
0 5 190027 191027
1 5 190027 191027
3 5 190027 191027
1 5 190183 191183
2 5 190183 191183
3 5 190183 191183
0 5 190338 191338
1 5 190338 191338
2 5 190338 191338
3 5 190338 191338
0 5 190494 191494
1 5 190494 191494
2 5 190494 191494
0 5 190649 191649
2 5 190649 191649
3 5 190649 191649
1 5 190805 191805
2 5 190960 191960
3 5 190960 191960
0 5 191115 192115
1 5 191115 192115
3 5 191115 192115
2 5 191271 192271
0 5 191426 192426
0 5 191582 192582
1 5 191582 192582
2 5 191582 192582
3 5 191582 192582
3 5 191737 192737
0 5 191893 192893
1 5 192048 193048
2 5 192203 193203
3 5 192203 193203
0 5 192359 193359
1 5 192514 193514
2 5 192514 193514
3 5 192514 193514
0 5 192670 193670
1 5 192670 193670
2 5 192670 193670
0 5 192825 193825
1 5 192825 193825
2 5 192825 193825
3 5 192825 193825
0 5 192981 193981
1 5 192981 193981
3 5 192981 193981
0 5 193136 194136
2 5 193136 194136
3 5 193136 194136
1 5 193292 194292
2 5 193447 194447
3 5 193447 194447
0 5 193602 194602
1 5 193602 194602
2 5 193602 194602
3 5 193758 194758
0 5 193913 194913
0 5 194069 195069
1 5 194069 195069
2 5 194069 195069
3 5 194069 195069
3 5 194224 195224
1 5 194380 195380
2 5 194535 195535
0 5 194691 195691
1 5 194691 195691
3 5 194846 195846
0 5 195001 196001
1 5 195001 196001
2 5 195001 196001
0 5 195157 196157
1 5 195157 196157
3 5 195157 196157
0 5 195312 196312
1 5 195312 196312
2 5 195312 196312
3 5 195312 196312
1 5 195468 196468
2 5 195468 196468
3 5 195468 196468
0 5 195623 196623
2 5 195623 196623
3 5 195623 196623
1 5 195779 196779
0 5 195934 196934
2 5 195934 196934
0 5 196090 197090
1 5 196090 197090
3 5 196090 197090
2 5 196245 197245
3 5 196400 197400
0 5 196556 197556
1 5 196556 197556
2 5 196556 197556
3 5 196556 197556
0 5 196711 197711
1 5 196867 197867
2 5 197022 198022
3 5 197022 198022
0 5 197178 198178
2 5 197333 198333
0 5 197488 198488
1 5 197488 198488
2 5 197488 198488
3 5 197488 198488
0 5 197644 198644
1 5 197644 198644
3 5 197644 198644
0 5 197799 198799
1 5 197799 198799
2 5 197799 198799
3 5 197799 198799
0 5 197955 198955
1 5 197955 198955
2 5 197955 198955
3 5 197955 198955
1 5 198110 199110
2 5 198110 199110
3 5 198110 199110
0 5 198266 199266
2 5 198421 199421
3 5 198421 199421
0 5 198577 199577
1 5 198577 199577
3 5 198577 199577
2 5 198732 199732
0 5 198887 199887
0 5 199043 200043
1 5 199043 200043
2 5 199043 200043
3 5 199043 200043
3 5 199198 200198
2 5 199354 200354
0 5 199509 200509
0 5 199665 200665
1 5 199665 200665
2 5 199665 200665
3 5 199665 200665
1 5 199820 200820
2 5 199976 200976
3 5 200131 201131
0 5 200286 201286
1 5 200286 201286
2 5 200442 201442
0 5 200597 201597
1 5 200597 201597
3 5 200597 201597
2 5 200753 201753
0 5 200908 201908
3 5 200908 201908
1 5 201064 202064
2 5 201064 202064
3 5 201064 202064
0 5 201219 202219
2 5 201374 202374
0 5 201530 202530
1 5 201530 202530
2 5 201530 202530
3 5 201530 202530
1 5 201685 202685
3 5 201841 202841
0 5 201996 202996
0 5 202152 203152
1 5 202152 203152
2 5 202152 203152
3 5 202152 203152
2 5 202307 203307
0 5 202463 203463
1 5 202463 203463
3 5 202463 203463
2 5 202618 203618
0 5 202773 203773
1 5 202773 203773
2 5 202773 203773
3 5 202773 203773
0 5 202929 203929
1 5 203084 204084
2 5 203084 204084
3 5 203084 204084
0 5 203240 204240
1 5 203395 204395
2 5 203395 204395
0 5 203551 204551
2 5 203551 204551
3 5 203551 204551
1 5 203706 204706
3 5 203862 204862
1 5 204017 205017
2 5 204017 205017
0 5 204172 205172
3 5 204328 205328
2 5 204483 205483
0 5 204639 205639
1 5 204639 205639
2 5 204794 205794
3 5 204950 205950
1 5 205105 206105
0 5 205260 206260
2 5 205260 206260
1 5 205416 206416
2 5 205571 206571
3 5 205571 206571
2 5 205727 206727
3 5 205727 206727
0 5 205882 206882
1 5 205882 206882
3 5 205882 206882
0 5 206038 207038
2 5 206038 207038
0 5 206193 207193
0 5 206349 207349
1 5 206504 207504
2 5 206504 207504
3 5 206504 207504
1 5 206659 207659
3 5 206659 207659
1 5 206815 207815
3 5 206815 207815
0 5 206970 207970
1 5 206970 207970
2 5 206970 207970
2 5 207126 208126
2 5 207281 208281
0 5 207437 208437
3 5 207437 208437
0 5 207592 208592
3 5 207592 208592
0 5 207748 208748
3 5 207748 208748
0 5 207903 208903
3 5 207903 208903
0 5 208058 209058
1 5 208058 209058
2 5 208058 209058
0 5 208214 209214
1 5 208214 209214
3 5 208214 209214
1 5 208369 209369
2 5 208369 209369
3 5 208369 209369
0 5 208525 209525
1 5 208525 209525
2 5 208525 209525
3 5 208680 209680
3 5 208836 209836
0 5 208991 209991
1 5 208991 209991
2 5 208991 209991
0 5 209146 210146
1 5 209146 210146
3 5 209146 210146
1 5 209302 210302
2 5 209302 210302
3 5 209302 210302
0 5 209457 210457
2 5 209457 210457
3 5 209457 210457
1 5 209613 210613
2 5 209768 210768
3 5 209768 210768
0 5 209846 210846
1 5 209846 210846
2 5 209924 210924
3 5 209924 210924
1 5 210079 211079
0 5 210235 211235
3 5 210390 211390
0 5 210545 211545
1 5 210545 211545
