Starlight (feat. Ronnie Atkins)
Avantasia
Normal
99568
0 5 79 1079
2 5 79 1079
1 5 235 1235
3 5 390 1390
0 5 545 1545
2 5 701 1701
3 5 701 1701
1 5 1012 2012
2 5 1167 2167
0 5 1323 2323
1 5 1323 2323
3 5 1478 2478
0 5 1634 2634
1 5 1789 2789
2 5 1944 2944
3 5 1944 2944
1 5 2100 3100
0 5 2566 3566
1 5 2566 3566
2 5 2722 3722
1 5 2877 3877
0 5 3033 4033
2 5 3188 4188
3 5 3188 4188
1 5 3499 4499
2 5 3654 4654
0 5 3810 4810
1 5 3810 4810
3 5 3965 4965
2 5 4121 5121
1 5 4276 5276
0 5 4431 5431
2 5 4431 5431
3 5 4587 5587
0 5 5053 6053
3 5 5053 6053
1 5 5209 6209
2 5 5364 6364
0 5 5520 6520
2 5 5675 6675
3 5 5675 6675
0 5 5986 6986
1 5 6141 7141
0 5 6297 7297
3 5 6297 7297
2 5 6452 7452
1 5 6608 7608
0 5 6763 7763
1 5 6919 7919
2 5 6919 7919
3 5 7074 8074
0 5 7540 8540
2 5 7540 8540
1 5 7696 8696
2 5 7851 8851
0 5 8007 9007
1 5 8162 9162
3 5 8162 9162
2 5 8473 9473
1 5 8628 9628
0 5 8784 9784
3 5 8784 9784
2 5 8939 9939
0 5 9095 10095
1 5 9250 10250
2 5 9406 10406
3 5 9406 10406
1 5 9561 10561
0 5 10027 11027
2 5 10027 11027
3 5 10183 11183
2 5 10338 11338
0 5 10494 11494
1 5 10649 11649
3 5 10649 11649
0 5 10960 11960
1 5 11115 12115
0 5 11271 12271
3 5 11271 12271
2 5 11426 12426
3 5 11582 12582
1 5 11737 12737
0 5 11893 12893
2 5 11893 12893
3 5 12048 13048
0 5 12514 13514
1 5 12514 13514
3 5 12670 13670
2 5 12825 13825
0 5 12981 13981
1 5 13136 14136
3 5 13136 14136
0 5 13447 14447
1 5 13602 14602
2 5 13758 14758
3 5 13758 14758
0 5 13913 14913
1 5 14069 15069
3 5 14224 15224
0 5 14380 15380
1 5 14380 15380
2 5 14535 15535
1 5 15001 16001
2 5 15001 16001
3 5 15157 16157
2 5 15312 16312
0 5 15468 16468
1 5 15623 16623
3 5 15623 16623
0 5 15934 16934
1 5 16090 17090
2 5 16245 17245
3 5 16245 17245
0 5 16400 17400
2 5 16556 17556
1 5 16711 17711
0 5 16867 17867
3 5 16867 17867
2 5 17022 18022
0 5 17488 18488
1 5 17488 18488
3 5 17644 18644
2 5 17799 18799
0 5 17955 18955
1 5 18110 19110
2 5 18110 19110
0 5 18421 19421
1 5 18577 19577
2 5 18654 19654
0 5 18732 19732
3 5 18732 19732
2 5 18887 19887
1 5 18965 19965
0 5 19043 20043
1 5 19198 20198
3 5 19354 20354
2 5 19509 20509
0 5 19665 20665
1 5 19820 20820
3 5 19976 20976
2 5 20131 21131
0 5 20286 21286
1 5 20442 21442
3 5 20597 21597
2 5 20753 21753
0 5 20908 21908
1 5 21064 22064
3 5 21219 22219
2 5 21374 22374
0 5 21530 22530
1 5 21530 22530
3 5 21685 22685
1 5 21841 22841
2 5 21841 22841
0 5 22463 23463
3 5 22463 23463
1 5 23084 24084
2 5 23084 24084
0 5 23706 24706
1 5 23706 24706
2 5 23862 24862
3 5 24017 25017
0 5 24328 25328
1 5 24328 25328
1 5 24950 25950
3 5 24950 25950
0 5 25571 26571
3 5 25571 26571
1 5 26193 27193
3 5 26193 27193
0 5 26504 27504
1 5 26815 27815
2 5 26815 27815
0 5 27437 28437
3 5 27437 28437
1 5 28058 29058
2 5 28058 29058
1 5 28680 29680
3 5 28680 29680
2 5 28836 29836
1 5 28991 29991
0 5 29146 30146
2 5 29302 30302
3 5 29457 30457
1 5 29613 30613
0 5 29768 30768
2 5 29924 30924
3 5 30079 31079
1 5 30235 31235
0 5 30390 31390
2 5 30545 31545
3 5 30701 31701
1 5 30856 31856
0 5 31012 32012
2 5 31167 32167
3 5 31323 32323
1 5 31478 32478
2 5 31478 32478
0 5 31634 32634
2 5 31789 32789
3 5 31789 32789
1 5 32411 33411
3 5 32411 33411
0 5 33033 34033
2 5 33033 34033
2 5 33654 34654
3 5 33654 34654
1 5 33810 34810
0 5 33965 34965
1 5 34276 35276
3 5 34276 35276
0 5 34898 35898
2 5 34898 35898
0 5 35520 36520
3 5 35520 36520
1 5 36141 37141
2 5 36141 37141
3 5 36452 37452
0 5 36763 37763
2 5 36763 37763
1 5 37385 38385
3 5 37385 38385
0 5 38007 39007
2 5 38007 39007
0 5 38628 39628
1 5 38628 39628
3 5 38784 39784
0 5 38939 39939
1 5 39095 40095
3 5 39250 40250
2 5 39406 40406
0 5 39561 40561
1 5 39716 40716
3 5 39872 40872
2 5 40027 41027
0 5 40183 41183
1 5 40338 41338
3 5 40494 41494
2 5 40649 41649
0 5 40805 41805
1 5 40960 41960
3 5 41115 42115
2 5 41271 42271
0 5 41426 42426
2 5 41582 42582
1 5 41737 42737
3 5 41737 42737
2 5 42048 43048
1 5 42203 43203
0 5 42359 43359
3 5 42359 43359
3 5 42670 43670
0 5 42825 43825
1 5 42981 43981
2 5 42981 43981
0 5 43292 44292
1 5 43447 44447
2 5 43602 44602
3 5 43602 44602
1 5 43913 44913
2 5 44069 45069
0 5 44224 45224
3 5 44224 45224
1 5 44535 45535
3 5 44691 45691
0 5 44846 45846
2 5 44846 45846
0 5 45157 46157
2 5 45312 46312
1 5 45468 46468
3 5 45468 46468
2 5 45779 46779
1 5 45934 46934
0 5 46090 47090
3 5 46090 47090
1 5 46245 47245
2 5 46400 47400
3 5 46556 47556
0 5 46711 47711
1 5 46711 47711
3 5 47022 48022
2 5 47178 48178
0 5 47333 48333
3 5 47333 48333
1 5 47644 48644
3 5 47799 48799
0 5 47955 48955
2 5 47955 48955
0 5 48266 49266
3 5 48421 49421
1 5 48577 49577
2 5 48577 49577
0 5 48732 49732
3 5 48887 49887
0 5 49198 50198
2 5 49198 50198
3 5 49509 50509
2 5 49665 50665
0 5 49820 50820
1 5 49820 50820
2 5 50131 51131
1 5 50286 51286
0 5 50442 51442
3 5 50442 51442
1 5 50753 51753
2 5 50908 51908
0 5 51064 52064
3 5 51064 52064
1 5 51219 52219
2 5 51374 52374
3 5 51530 52530
2 5 51841 52841
1 5 51996 52996
3 5 51996 52996
1 5 52463 53463
3 5 52773 53773
0 5 52929 53929
1 5 53240 54240
2 5 53240 54240
2 5 53706 54706
1 5 53862 54862
3 5 53862 54862
0 5 54017 55017
3 5 54172 55172
0 5 54328 55328
3 5 54483 55483
0 5 54639 55639
1 5 54639 55639
2 5 54794 55794
3 5 54794 55794
0 5 54950 55950
1 5 54950 55950
2 5 55105 56105
3 5 55105 56105
0 5 55727 56727
1 5 55727 56727
2 5 55882 56882
3 5 55882 56882
0 5 56038 57038
1 5 56038 57038
2 5 56193 57193
3 5 56193 57193
0 5 56349 57349
1 5 56349 57349
1 5 56815 57815
3 5 56815 57815
0 5 57281 58281
1 5 57281 58281
3 5 58058 59058
0 5 58214 59214
1 5 58214 59214
2 5 58369 59369
3 5 58369 59369
0 5 58525 59525
1 5 58525 59525
2 5 58680 59680
3 5 58680 59680
0 5 58836 59836
1 5 58836 59836
0 5 59302 60302
3 5 59302 60302
0 5 59768 60768
3 5 59768 60768
0 5 60701 61701
1 5 60701 61701
2 5 60856 61856
3 5 60856 61856
0 5 61012 62012
1 5 61012 62012
2 5 61167 62167
3 5 61167 62167
0 5 61323 62323
1 5 61323 62323
1 5 61789 62789
3 5 61789 62789
1 5 62255 63255
2 5 62255 63255
0 5 63188 64188
3 5 63188 64188
1 5 63343 64343
2 5 63343 64343
0 5 63499 64499
3 5 63499 64499
1 5 63654 64654
2 5 63654 64654
0 5 63810 64810
3 5 63810 64810
1 5 64276 65276
2 5 64276 65276
0 5 64742 65742
1 5 64742 65742
2 5 65675 66675
3 5 65675 66675
0 5 65830 66830
1 5 65830 66830
2 5 65986 66986
3 5 65986 66986
0 5 66141 67141
1 5 66141 67141
2 5 66297 67297
3 5 66297 67297
0 5 66763 67763
3 5 66763 67763
0 5 67229 68229
1 5 67229 68229
1 5 67851 68851
3 5 67851 68851
1 5 68784 69784
2 5 68784 69784
0 5 69250 70250
2 5 69250 70250
0 5 69716 70716
1 5 69716 70716
2 5 70338 71338
3 5 70338 71338
1 5 70649 71649
3 5 70649 71649
0 5 70960 71960
1 5 70960 71960
0 5 71271 72271
3 5 71271 72271
0 5 71737 72737
2 5 71737 72737
0 5 72203 73203
3 5 72203 73203
1 5 72514 73514
3 5 72514 73514
0 5 72981 73981
1 5 73136 74136
2 5 73292 74292
1 5 73447 74447
3 5 73447 74447
0 5 73602 74602
2 5 73758 74758
3 5 73913 74913
0 5 74069 75069
2 5 74069 75069
1 5 74224 75224
0 5 74691 75691
3 5 74691 75691
2 5 74846 75846
3 5 75001 76001
0 5 75157 76157
1 5 75157 76157
3 5 75623 76623
0 5 75779 76779
3 5 75934 76934
0 5 76090 77090
3 5 76245 77245
2 5 76400 77400
0 5 76556 77556
1 5 76711 77711
3 5 76867 77867
2 5 77022 78022
0 5 77178 78178
1 5 77333 78333
3 5 77488 78488
2 5 77644 78644
0 5 77799 78799
1 5 77955 78955
3 5 78110 79110
2 5 78266 79266
0 5 78421 79421
1 5 78577 79577
2 5 78732 79732
3 5 78732 79732
0 5 78887 79887
1 5 79043 80043
2 5 79043 80043
0 5 79665 80665
3 5 79665 80665
1 5 80286 81286
3 5 80286 81286
0 5 80908 81908
1 5 80908 81908
2 5 81064 82064
3 5 81219 82219
0 5 81530 82530
2 5 81530 82530
1 5 82152 83152
2 5 82152 83152
3 5 82463 83463
0 5 82773 83773
1 5 82773 83773
2 5 83084 84084
1 5 83395 84395
3 5 83395 84395
0 5 83706 84706
2 5 84017 85017
3 5 84017 85017
0 5 84639 85639
2 5 84639 85639
0 5 85260 86260
3 5 85260 86260
0 5 85882 86882
2 5 85882 86882
1 5 86038 87038
3 5 86193 87193
2 5 86349 87349
0 5 86504 87504
1 5 86659 87659
3 5 86815 87815
2 5 86970 87970
0 5 87126 88126
1 5 87281 88281
3 5 87437 88437
2 5 87592 88592
0 5 87748 88748
1 5 87903 88903
3 5 88058 89058
2 5 88214 89214
0 5 88369 89369
1 5 88525 89525
0 5 88680 89680
3 5 88680 89680
2 5 88836 89836
0 5 88991 89991
1 5 88991 89991
0 5 89613 90613
2 5 89613 90613
2 5 90235 91235
3 5 90235 91235
1 5 90856 91856
3 5 90856 91856
2 5 91012 92012
0 5 91167 92167
2 5 91478 92478
3 5 91478 92478
1 5 92100 93100
2 5 92100 93100
0 5 92411 93411
2 5 92722 93722
3 5 92722 93722
1 5 93033 94033
0 5 93343 94343
2 5 93343 94343
3 5 93654 94654
1 5 93965 94965
2 5 93965 94965
0 5 94587 95587
3 5 94587 95587
0 5 95209 96209
1 5 95209 96209
0 5 95830 96830
2 5 95830 96830
1 5 95986 96986
2 5 96141 97141
3 5 96297 97297
1 5 96452 97452
0 5 96608 97608
2 5 96763 97763
3 5 96919 97919
1 5 97074 98074
0 5 97229 98229
2 5 97385 98385
3 5 97540 98540
1 5 97696 98696
0 5 97851 98851
2 5 98007 99007
3 5 98162 99162
0 5 98317 99317
2 5 98317 99317
1 5 98473 99473
0 5 98628 99628
2 5 98784 99784
1 5 98939 99939
3 5 98939 99939
2 5 99250 100250
1 5 99406 100406
0 5 99561 100561
3 5 99561 100561
0 5 99872 100872
3 5 100027 101027
1 5 100183 101183
2 5 100183 101183
3 5 100494 101494
2 5 100649 101649
0 5 100805 101805
1 5 100805 101805
0 5 101115 102115
2 5 101271 102271
1 5 101426 102426
3 5 101426 102426
2 5 101737 102737
1 5 101893 102893
0 5 102048 103048
3 5 102048 103048
0 5 102359 103359
1 5 102514 103514
2 5 102670 103670
3 5 102670 103670
3 5 102981 103981
1 5 103136 104136
0 5 103292 104292
2 5 103292 104292
3 5 103447 104447
1 5 103602 104602
0 5 103758 104758
1 5 103913 104913
2 5 103913 104913
0 5 104224 105224
2 5 104380 105380
1 5 104535 105535
3 5 104535 105535
0 5 104846 105846
1 5 105001 106001
2 5 105157 106157
3 5 105157 106157
0 5 105468 106468
2 5 105623 106623
1 5 105779 106779
3 5 105779 106779
2 5 105934 106934
0 5 106090 107090
1 5 106400 107400
3 5 106400 107400
2 5 106711 107711
1 5 106867 107867
0 5 107022 108022
3 5 107022 108022
1 5 107333 108333
0 5 107488 108488
2 5 107644 108644
3 5 107644 108644
1 5 107955 108955
2 5 108110 109110
0 5 108266 109266
3 5 108266 109266
1 5 108421 109421
3 5 108577 109577
2 5 108732 109732
0 5 109043 110043
1 5 109198 110198
2 5 109198 110198
2 5 109665 110665
1 5 109976 110976
3 5 110131 111131
0 5 110442 111442
2 5 110442 111442
3 5 110908 111908
0 5 111064 112064
1 5 111064 112064
3 5 111219 112219
0 5 111374 112374
3 5 111530 112530
0 5 111685 112685
2 5 111841 112841
3 5 111841 112841
0 5 111996 112996
1 5 111996 112996
2 5 112152 113152
3 5 112152 113152
0 5 112307 113307
1 5 112307 113307
2 5 112929 113929
3 5 112929 113929
0 5 113084 114084
1 5 113084 114084
2 5 113240 114240
3 5 113240 114240
0 5 113395 114395
1 5 113395 114395
2 5 113551 114551
3 5 113551 114551
0 5 114017 115017
3 5 114017 115017
0 5 114483 115483
2 5 114483 115483
0 5 115260 116260
1 5 115416 116416
2 5 115416 116416
0 5 115571 116571
3 5 115571 116571
1 5 115727 116727
2 5 115727 116727
0 5 115882 116882
3 5 115882 116882
1 5 116038 117038
2 5 116038 117038
2 5 116504 117504
3 5 116504 117504
1 5 116970 117970
3 5 116970 117970
0 5 117903 118903
1 5 117903 118903
2 5 118058 119058
3 5 118058 119058
0 5 118214 119214
1 5 118214 119214
2 5 118369 119369
3 5 118369 119369
0 5 118525 119525
1 5 118525 119525
0 5 118991 119991
3 5 118991 119991
1 5 119457 120457
2 5 119457 120457
0 5 120390 121390
2 5 120390 121390
1 5 120545 121545
3 5 120545 121545
0 5 120701 121701
2 5 120701 121701
1 5 120856 121856
3 5 120856 121856
0 5 121012 122012
2 5 121012 122012
1 5 121478 122478
3 5 121478 122478
0 5 121944 122944
1 5 121944 122944
2 5 122877 123877
3 5 122877 123877
0 5 123033 124033
1 5 123033 124033
2 5 123188 124188
3 5 123188 124188
0 5 123343 124343
1 5 123343 124343
2 5 123499 124499
3 5 123499 124499
1 5 123965 124965
2 5 123965 124965
0 5 124431 125431
2 5 124431 125431
2 5 125053 126053
3 5 125053 126053
1 5 125986 126986
3 5 125986 126986
0 5 126452 127452
3 5 126452 127452
0 5 126919 127919
1 5 126919 127919
1 5 127540 128540
3 5 127540 128540
0 5 127851 128851
2 5 127851 128851
1 5 128162 129162
2 5 128162 129162
1 5 128473 129473
3 5 128473 129473
0 5 128939 129939
2 5 128939 129939
2 5 129716 130716
3 5 129716 130716
0 5 129872 130872
1 5 129872 130872
1 5 130183 131183
3 5 130183 131183
0 5 130649 131649
1 5 130649 131649
2 5 130805 131805
3 5 130805 131805
0 5 130960 131960
1 5 131115 132115
0 5 131271 132271
3 5 131271 132271
2 5 131426 132426
0 5 131893 132893
3 5 131893 132893
2 5 132048 133048
1 5 132203 133203
0 5 132359 133359
2 5 132359 133359
3 5 132825 133825
0 5 132981 133981
3 5 133136 134136
0 5 133292 134292
3 5 133447 134447
2 5 133602 134602
0 5 133758 134758
1 5 133758 134758
3 5 133913 134913
2 5 134069 135069
1 5 134224 135224
0 5 134380 135380
2 5 134380 135380
3 5 134535 135535
1 5 134691 135691
2 5 134846 135846
0 5 135001 136001
3 5 135001 136001
1 5 135157 136157
2 5 135312 136312
3 5 135468 136468
0 5 135623 136623
1 5 135623 136623
3 5 135779 136779
2 5 135934 136934
1 5 136090 137090
0 5 136245 137245
2 5 136245 137245
3 5 136400 137400
0 5 136556 137556
1 5 136711 137711
2 5 136867 137867
3 5 136867 137867
0 5 137022 138022
2 5 137178 138178
0 5 137333 138333
1 5 137333 138333
3 5 137488 138488
1 5 137644 138644
0 5 137799 138799
2 5 137799 138799
3 5 137955 138955
2 5 138110 139110
1 5 138266 139266
0 5 138421 139421
1 5 138732 139732
3 5 138732 139732
0 5 139198 140198
1 5 139198 140198
0 5 139665 140665
3 5 139665 140665
1 5 140131 141131
3 5 140131 141131
2 5 140597 141597
3 5 140597 141597
0 5 141064 142064
3 5 141064 142064
1 5 141219 142219
2 5 141219 142219
1 5 141685 142685
3 5 141685 142685
1 5 142152 143152
2 5 142152 143152
2 5 142618 143618
3 5 142618 143618
1 5 143084 144084
2 5 143084 144084
0 5 143706 144706
3 5 143706 144706
0 5 144017 145017
2 5 144017 145017
0 5 144483 145483
3 5 144483 145483
2 5 144794 145794
3 5 144794 145794
0 5 144950 145950
1 5 144950 145950
2 5 145105 146105
3 5 145105 146105
0 5 145260 146260
1 5 145260 146260
0 5 145571 146571
2 5 145571 146571
1 5 146193 147193
3 5 146193 147193
0 5 146504 147504
2 5 146504 147504
0 5 146815 147815
3 5 146815 147815
1 5 146970 147970
2 5 146970 147970
0 5 147281 148281
1 5 147281 148281
2 5 147437 148437
3 5 147437 148437
0 5 147592 148592
1 5 147592 148592
2 5 147748 148748
3 5 147748 148748
0 5 148058 149058
3 5 148058 149058
2 5 148680 149680
3 5 148680 149680
0 5 149146 150146
3 5 149146 150146
2 5 149613 150613
3 5 149613 150613
0 5 150079 151079
2 5 150079 151079
1 5 150545 151545
2 5 150545 151545
1 5 151167 152167
3 5 151167 152167
0 5 151634 152634
3 5 151634 152634
0 5 152100 153100
1 5 152100 153100
1 5 152566 153566
2 5 152566 153566
0 5 153033 154033
2 5 153033 154033
0 5 153343 154343
1 5 153499 154499
2 5 153654 154654
0 5 153810 154810
1 5 153965 154965
3 5 154121 155121
0 5 154276 155276
2 5 154431 155431
3 5 154587 155587
1 5 154742 155742
2 5 154898 155898
3 5 155053 156053
0 5 155209 156209
1 5 155364 156364
2 5 155520 156520
0 5 155675 156675
1 5 155830 156830
3 5 155986 156986
0 5 156141 157141
2 5 156297 157297
3 5 156452 157452
1 5 156608 157608
2 5 156763 157763
3 5 156919 157919
0 5 157074 158074
1 5 157229 158229
2 5 157385 158385
0 5 157540 158540
3 5 157696 158696
2 5 157851 158851
1 5 158007 159007
0 5 158162 159162
3 5 158317 159317
1 5 158939 159939
3 5 159561 160561
2 5 160183 161183
0 5 160805 161805
2 5 160805 161805
1 5 161426 162426
2 5 162048 163048
0 5 162670 163670
1 5 163292 164292
3 5 163292 164292
0 5 163913 164913
3 5 164535 165535
1 5 165157 166157
3 5 165779 166779
0 5 165934 166934
1 5 166090 167090
2 5 166245 167245
3 5 166400 167400
0 5 166556 167556
1 5 166711 167711
2 5 166867 167867
3 5 167022 168022
0 5 167178 168178
3 5 167333 168333
0 5 167488 168488
2 5 167644 168644
3 5 167644 168644
0 5 167799 168799
1 5 167799 168799
2 5 167955 168955
3 5 167955 168955
0 5 168110 169110
1 5 168110 169110
2 5 168266 169266
3 5 168266 169266
1 5 168732 169732
3 5 168732 169732
0 5 169198 170198
1 5 169198 170198
0 5 170131 171131
3 5 170131 171131
1 5 170286 171286
2 5 170286 171286
0 5 170442 171442
3 5 170442 171442
1 5 170597 171597
2 5 170597 171597
0 5 170753 171753
3 5 170753 171753
0 5 171219 172219
1 5 171219 172219
1 5 171685 172685
2 5 171685 172685
2 5 172618 173618
3 5 172618 173618
0 5 172773 173773
1 5 172773 173773
2 5 172929 173929
3 5 172929 173929
0 5 173084 174084
1 5 173084 174084
2 5 173240 174240
3 5 173240 174240
1 5 173706 174706
2 5 173706 174706
0 5 174172 175172
1 5 174172 175172
1 5 175105 176105
2 5 175105 176105
0 5 175260 176260
3 5 175260 176260
1 5 175416 176416
2 5 175416 176416
0 5 175571 176571
3 5 175571 176571
1 5 175727 176727
2 5 175727 176727
1 5 176193 177193
3 5 176193 177193
0 5 176659 177659
1 5 176659 177659
2 5 177592 178592
3 5 177592 178592
0 5 177748 178748
1 5 177748 178748
2 5 177903 178903
3 5 177903 178903
0 5 178058 179058
1 5 178058 179058
2 5 178214 179214
3 5 178214 179214
1 5 178680 179680
2 5 178680 179680
0 5 179146 180146
3 5 179146 180146
0 5 179768 180768
1 5 179768 180768
1 5 180701 181701
2 5 180701 181701
1 5 181167 182167
3 5 181167 182167
2 5 181634 182634
3 5 181634 182634
0 5 182100 183100
3 5 182100 183100
0 5 182566 183566
1 5 182566 183566
1 5 182877 183877
3 5 182877 183877
0 5 183188 184188
3 5 183188 184188
0 5 183654 184654
1 5 183654 184654
0 5 184431 185431
3 5 184431 185431
1 5 184587 185587
2 5 184587 185587
0 5 184898 185898
1 5 184898 185898
0 5 185209 186209
2 5 185209 186209
1 5 185986 186986
2 5 185986 186986
2 5 187540 188540
3 5 187540 188540
0 5 187696 188696
1 5 187696 188696
2 5 187851 188851
3 5 187851 188851
0 5 188007 189007
1 5 188007 189007
2 5 188162 189162
3 5 188162 189162
0 5 188628 189628
1 5 188628 189628
1 5 189095 190095
3 5 189095 190095
0 5 190027 191027
1 5 190027 191027
2 5 190183 191183
3 5 190183 191183
0 5 190338 191338
1 5 190338 191338
2 5 190494 191494
3 5 190494 191494
0 5 190649 191649
1 5 190649 191649
0 5 191115 192115
2 5 191115 192115
1 5 191582 192582
3 5 191582 192582
2 5 192514 193514
3 5 192514 193514
0 5 192670 193670
1 5 192670 193670
2 5 192825 193825
3 5 192825 193825
0 5 192981 193981
1 5 192981 193981
2 5 193136 194136
3 5 193136 194136
0 5 193602 194602
2 5 193602 194602
1 5 194069 195069
3 5 194069 195069
0 5 195001 196001
3 5 195001 196001
1 5 195157 196157
2 5 195157 196157
0 5 195312 196312
3 5 195312 196312
1 5 195468 196468
2 5 195468 196468
0 5 195623 196623
3 5 195623 196623
0 5 196090 197090
2 5 196090 197090
0 5 196556 197556
1 5 196556 197556
0 5 197488 198488
1 5 197488 198488
2 5 197644 198644
3 5 197644 198644
0 5 197799 198799
1 5 197799 198799
2 5 197955 198955
3 5 197955 198955
0 5 198110 199110
1 5 198110 199110
1 5 198577 199577
2 5 198577 199577
1 5 199043 200043
3 5 199043 200043
0 5 199665 200665
2 5 199665 200665
1 5 200597 201597
3 5 200597 201597
1 5 201064 202064
2 5 201064 202064
0 5 201530 202530
3 5 201530 202530
1 5 202152 203152
3 5 202152 203152
2 5 202463 203463
3 5 202463 203463
0 5 202773 203773
2 5 202773 203773
0 5 203084 204084
3 5 203084 204084
2 5 203551 204551
3 5 203551 204551
0 5 205571 206571
1 5 205727 206727
2 5 205882 206882
3 5 205882 206882
0 5 206038 207038
1 5 206504 207504
3 5 206504 207504
2 5 206659 207659
0 5 206815 207815
1 5 206970 207970
2 5 206970 207970
3 5 207437 208437
0 5 207592 208592
3 5 207748 208748
0 5 207903 208903
2 5 208058 209058
3 5 208058 209058
0 5 208214 209214
1 5 208214 209214
2 5 208369 209369
3 5 208369 209369
0 5 208525 209525
1 5 208525 209525
1 5 208991 209991
2 5 208991 209991
0 5 209146 210146
3 5 209146 210146
1 5 209302 210302
2 5 209302 210302
0 5 209457 210457
3 5 209457 210457
0 5 209768 210768
1 5 209846 210846
3 5 209924 210924
2 5 210079 211079
1 5 210235 211235
0 5 210390 211390
1 5 210545 211545
3 5 210545 211545
