Flowering Night
zetoban
Advanced
78114
0 5 28 1028
3 5 114 1114
2 5 200 1200
1 5 285 1285
0 5 371 1371
3 5 542 1542
1 5 714 1714
2 5 800 1800
3 5 885 1885
0 5 971 1971
1 5 1057 2057
3 5 1228 2228
1 5 1400 2400
0 5 1571 2571
2 5 1742 2742
0 5 1914 2914
1 5 2085 3085
2 5 2171 3171
3 5 2257 3257
1 5 2428 3428
2 5 2600 3600
0 5 2771 3771
3 5 2857 3857
2 5 2942 3942
1 5 3028 4028
0 5 3114 4114
3 5 3285 4285
1 5 3457 4457
2 5 3542 4542
3 5 3628 4628
0 5 3714 4714
1 5 3800 4800
3 5 3971 4971
1 5 4142 5142
0 5 4314 5314
2 5 4485 5485
0 5 4657 5657
1 5 4828 5828
2 5 4914 5914
3 5 5000 6000
1 5 5171 6171
2 5 5342 6342
0 5 5514 6514
3 5 5600 6600
2 5 5685 6685
1 5 5771 6771
0 5 5857 6857
3 5 6028 7028
1 5 6200 7200
2 5 6285 7285
3 5 6371 7371
0 5 6457 7457
1 5 6542 7542
3 5 6714 7714
2 5 6885 7885
1 5 7057 8057
0 5 7228 8228
1 5 7400 8400
3 5 7571 8571
2 5 7657 8657
1 5 7742 8742
0 5 7914 8914
3 5 8085 9085
1 5 8257 9257
2 5 8342 9342
3 5 8428 9428
0 5 8514 9514
1 5 8600 9600
2 5 8771 9771
0 5 8942 9942
3 5 9028 10028
2 5 9114 10114
1 5 9200 10200
3 5 9285 10285
0 5 9285 10285
2 5 9628 10628
1 5 9628 10628
3 5 9971 10971
0 5 9971 10971
2 5 10142 11142
1 5 10314 11314
3 5 10314 11314
2 5 10485 11485
1 5 10657 11657
0 5 10657 11657
3 5 10828 11828
2 5 11000 12000
1 5 11000 12000
3 5 11171 12171
2 5 11342 12342
0 5 11342 12342
1 5 11514 12514
3 5 11685 12685
0 5 11685 12685
1 5 11857 12857
2 5 12028 13028
3 5 12028 13028
0 5 12200 13200
1 5 12371 13371
2 5 12371 13371
3 5 12542 13542
1 5 12714 13714
0 5 12714 13714
2 5 12885 13885
3 5 13057 14057
1 5 13057 14057
2 5 13228 14228
3 5 13400 14400
0 5 13400 14400
2 5 13571 14571
1 5 13742 14742
0 5 13742 14742
3 5 13914 14914
2 5 14085 15085
1 5 14085 15085
0 5 14257 15257
3 5 14428 15428
1 5 14428 15428
0 5 14600 15600
2 5 14771 15771
1 5 14771 15771
3 5 14942 15942
0 5 14942 15942
2 5 15114 16114
3 5 15285 16285
0 5 15285 16285
2 5 15457 16457
1 5 15457 16457
0 5 15628 16628
3 5 15800 16800
1 5 15800 16800
2 5 15971 16971
1 5 16142 17142
0 5 16142 17142
3 5 16314 17314
2 5 16485 17485
1 5 16485 17485
3 5 16657 17657
2 5 16828 17828
0 5 16828 17828
1 5 17000 18000
3 5 17171 18171
0 5 17171 18171
1 5 17342 18342
2 5 17514 18514
0 5 17514 18514
3 5 17685 18685
1 5 17857 18857
0 5 17857 18857
3 5 18028 19028
2 5 18200 19200
1 5 18200 19200
0 5 18371 19371
3 5 18542 19542
1 5 18542 19542
2 5 18714 19714
3 5 18885 19885
0 5 18885 19885
2 5 19057 20057
1 5 19228 20228
0 5 19228 20228
3 5 19400 20400
2 5 19571 20571
1 5 19571 20571
0 5 19742 20742
1 5 19914 20914
3 5 19914 20914
0 5 20085 21085
1 5 20257 21257
2 5 20257 21257
3 5 20342 21342
0 5 20342 21342
2 5 20514 21514
1 5 20514 21514
0 5 20771 21771
3 5 20857 21857
2 5 20942 21942
1 5 20942 21942
3 5 21114 22114
0 5 21286 22286
2 5 21286 22286
3 5 21457 22457
0 5 21629 22629
1 5 21629 22629
2 5 21800 22800
3 5 21972 22972
0 5 21972 22972
2 5 22143 23143
3 5 22314 23314
1 5 22314 23314
0 5 22486 23486
2 5 22657 23657
1 5 22657 23657
0 5 22829 23829
3 5 23000 24000
2 5 23000 24000
1 5 23172 24172
0 5 23343 24343
3 5 23343 24343
2 5 23514 24514
0 5 23686 24686
1 5 23686 24686
3 5 23857 24857
2 5 24029 25029
0 5 24029 25029
3 5 24200 25200
2 5 24372 25372
1 5 24372 25372
3 5 24543 25543
0 5 24714 25714
1 5 24714 25714
2 5 24886 25886
1 5 25057 26057
3 5 25057 26057
2 5 25314 26314
0 5 25314 26314
3 5 25571 26571
1 5 25571 26571
3 5 25743 26743
0 5 25743 26743
1 5 25828 26828
2 5 25828 26828
3 5 26000 27000
0 5 26000 27000
2 5 26257 27257
1 5 26257 27257
3 5 26429 27429
0 5 26429 27429
1 5 26600 27600
2 5 26772 27772
0 5 26772 27772
3 5 26943 27943
0 5 27114 28114
1 5 27114 28114
2 5 27286 28286
3 5 27457 28457
1 5 27457 28457
2 5 27629 28629
3 5 27800 28800
0 5 27800 28800
2 5 27885 28885
1 5 27885 28885
3 5 28057 29057
0 5 28057 29057
2 5 28314 29314
0 5 28485 29485
1 5 28486 29486
2 5 28742 29742
3 5 28742 29742
1 5 29000 30000
0 5 29000 30000
3 5 29172 30172
0 5 29172 30172
1 5 29343 30343
2 5 29514 30514
0 5 29514 30514
3 5 29686 30686
2 5 29857 30857
1 5 29857 30857
3 5 30029 31029
0 5 30200 31200
1 5 30200 31200
2 5 30372 31372
1 5 30542 31542
3 5 30543 31543
2 5 30800 31800
0 5 30800 31800
1 5 31057 32057
3 5 31057 32057
0 5 31229 32229
3 5 31229 32229
2 5 31314 32314
1 5 31314 32314
3 5 31486 32486
0 5 31486 32486
1 5 31743 32743
2 5 31829 32829
3 5 31914 32914
0 5 31914 32914
2 5 32600 33600
3 5 32685 33685
1 5 32857 33857
3 5 33028 34028
2 5 33114 34114
3 5 33285 34285
0 5 33285 34285
1 5 33457 34457
3 5 33628 34628
2 5 33800 34800
1 5 33971 34971
0 5 33971 34971
3 5 34142 35142
2 5 34314 35314
3 5 34485 35485
2 5 34657 35657
0 5 34657 35657
1 5 34828 35828
3 5 35000 36000
2 5 35171 36171
1 5 35342 36342
0 5 35342 36342
3 5 35514 36514
2 5 35685 36685
3 5 35857 36857
1 5 36028 37028
2 5 36028 37028
0 5 36200 37200
2 5 36371 37371
3 5 36542 37542
0 5 36714 37714
1 5 36714 37714
2 5 36885 37885
3 5 37057 38057
2 5 37228 38228
1 5 37400 38400
0 5 37400 38400
3 5 37571 38571
2 5 37742 38742
1 5 37914 38914
3 5 38085 39085
0 5 38085 39085
1 5 38600 39600
2 5 38771 39771
0 5 38771 39771
3 5 38942 39942
2 5 39114 40114
1 5 39285 40285
0 5 39457 40457
3 5 39457 40457
2 5 39628 40628
3 5 39800 40800
0 5 39971 40971
1 5 40142 41142
2 5 40142 41142
3 5 40314 41314
2 5 40485 41485
3 5 40657 41657
1 5 40828 41828
0 5 40828 41828
2 5 41000 42000
3 5 41171 42171
2 5 41342 42342
1 5 41514 42514
3 5 41514 42514
0 5 41685 42685
1 5 42028 43028
2 5 42114 43114
3 5 42200 43200
0 5 42200 43200
1 5 42371 43371
3 5 42542 43542
2 5 42714 43714
1 5 42885 43885
0 5 42885 43885
3 5 43057 44057
2 5 43228 44228
3 5 43400 44400
1 5 43571 44571
0 5 43571 44571
2 5 43742 44742
3 5 43914 44914
2 5 44085 45085
1 5 44257 45257
0 5 44257 45257
2 5 44428 45428
1 5 44600 45600
0 5 44600 45600
3 5 44771 45771
2 5 44942 45942
0 5 44942 45942
3 5 45114 46114
2 5 45285 46285
1 5 45285 46285
3 5 45457 46457
1 5 45628 46628
0 5 45628 46628
2 5 45800 46800
3 5 45971 46971
0 5 45971 46971
2 5 46142 47142
1 5 46314 47314
3 5 46314 47314
2 5 46485 47485
1 5 46657 47657
0 5 46657 47657
3 5 46828 47828
2 5 47000 48000
1 5 47000 48000
3 5 47171 48171
0 5 47342 48342
1 5 47342 48342
2 5 47514 48514
3 5 47685 48685
0 5 47685 48685
2 5 47857 48857
1 5 48028 49028
3 5 48028 49028
0 5 48200 49200
2 5 48371 49371
1 5 48371 49371
3 5 48542 49542
0 5 48714 49714
1 5 48714 49714
2 5 48885 49885
0 5 49057 50057
3 5 49057 50057
2 5 49228 50228
1 5 49228 50228
3 5 49400 50400
2 5 49571 50571
1 5 49571 50571
3 5 49742 50742
0 5 49742 50742
1 5 49914 50914
2 5 50085 51085
0 5 50085 51085
3 5 50257 51257
0 5 50428 51428
1 5 50428 51428
2 5 50600 51600
3 5 50771 51771
0 5 50771 51771
2 5 50942 51942
1 5 51114 52114
3 5 51114 52114
2 5 51285 52285
1 5 51457 52457
0 5 51457 52457
3 5 51628 52628
2 5 51800 52800
1 5 51800 52800
3 5 51971 52971
0 5 52142 53142
1 5 52142 53142
2 5 52314 53314
3 5 52485 53485
0 5 52485 53485
2 5 52657 53657
1 5 52828 53828
3 5 52828 53828
0 5 53000 54000
2 5 53171 54171
1 5 53171 54171
3 5 53342 54342
2 5 53514 54514
0 5 53514 54514
1 5 53685 54685
3 5 53857 54857
0 5 53857 54857
2 5 54028 55028
1 5 54200 55200
0 5 54200 55200
2 5 54371 55371
3 5 54542 55542
0 5 54542 55542
2 5 54628 55628
1 5 54628 55628
3 5 54800 55800
0 5 54800 55800
2 5 55057 56057
3 5 55142 56142
0 5 55228 56228
1 5 55228 56228
2 5 55400 56400
1 5 55572 56572
0 5 55572 56572
3 5 55743 56743
2 5 55914 56914
0 5 55914 56914
3 5 56086 57086
2 5 56257 57257
1 5 56257 57257
3 5 56429 57429
1 5 56600 57600
0 5 56600 57600
2 5 56772 57772
3 5 56943 57943
0 5 56943 57943
2 5 57114 58114
1 5 57286 58286
3 5 57286 58286
2 5 57457 58457
1 5 57629 58629
0 5 57629 58629
3 5 57800 58800
2 5 57972 58972
1 5 57972 58972
3 5 58143 59143
0 5 58314 59314
1 5 58314 59314
2 5 58486 59486
3 5 58657 59657
0 5 58657 59657
2 5 58829 59829
1 5 59000 60000
3 5 59000 60000
0 5 59172 60172
2 5 59343 60343
1 5 59343 60343
3 5 59514 60514
0 5 59686 60686
1 5 59686 60686
2 5 59857 60857
0 5 60029 61029
3 5 60029 61029
2 5 60200 61200
1 5 60200 61200
3 5 60372 61372
2 5 60543 61543
1 5 60543 61543
3 5 60714 61714
0 5 60714 61714
1 5 60886 61886
2 5 61057 62057
0 5 61057 62057
3 5 61229 62229
0 5 61400 62400
1 5 61400 62400
2 5 61572 62572
3 5 61743 62743
0 5 61743 62743
2 5 61914 62914
1 5 62086 63086
3 5 62086 63086
2 5 62257 63257
1 5 62429 63429
0 5 62429 63429
3 5 62600 63600
2 5 62772 63772
1 5 62772 63772
3 5 62943 63943
0 5 63114 64114
1 5 63114 64114
2 5 63286 64286
3 5 63457 64457
0 5 63457 64457
2 5 63629 64629
1 5 63800 64800
3 5 63800 64800
0 5 63972 64972
2 5 64143 65143
1 5 64143 65143
3 5 64314 65314
2 5 64486 65486
0 5 64486 65486
1 5 64657 65657
3 5 64829 65829
0 5 64829 65829
2 5 65000 66000
1 5 65172 66172
0 5 65172 66172
0 5 65342 66342
2 5 65514 66514
1 5 65514 66514
3 5 65600 66600
0 5 65600 66600
2 5 65772 66772
1 5 65772 66772
3 5 66029 67029
2 5 66114 67114
1 5 66200 67200
0 5 66200 67200
3 5 66371 67371
0 5 66543 67543
2 5 66543 67543
3 5 66714 67714
0 5 66886 67886
1 5 66886 67886
2 5 67057 68057
3 5 67229 68229
0 5 67229 68229
2 5 67400 68400
3 5 67571 68571
1 5 67571 68571
0 5 67743 68743
2 5 67914 68914
1 5 67914 68914
0 5 68086 69086
3 5 68257 69257
2 5 68257 69257
1 5 68429 69429
0 5 68600 69600
3 5 68600 69600
2 5 68771 69771
0 5 68943 69943
1 5 68943 69943
3 5 69114 70114
2 5 69286 70286
0 5 69286 70286
3 5 69457 70457
2 5 69629 70629
1 5 69629 70629
3 5 69800 70800
0 5 69971 70971
1 5 69971 70971
2 5 70143 71143
3 5 70314 71314
0 5 70314 71314
1 5 70486 71486
2 5 70657 71657
0 5 70657 71657
1 5 70829 71829
3 5 71000 72000
0 5 71000 72000
2 5 71171 72171
1 5 71171 72171
3 5 71343 72343
2 5 71514 72514
1 5 71514 72514
3 5 71686 72686
0 5 71686 72686
1 5 71857 72857
2 5 72029 73029
0 5 72029 73029
3 5 72200 73200
0 5 72371 73371
1 5 72371 73371
2 5 72543 73543
3 5 72714 73714
0 5 72714 73714
2 5 72886 73886
3 5 73057 74057
1 5 73057 74057
0 5 73229 74229
2 5 73400 74400
1 5 73400 74400
0 5 73571 74571
3 5 73743 74743
1 5 73743 74743
2 5 73914 74914
0 5 74086 75086
1 5 74086 75086
2 5 74257 75257
3 5 74429 75429
0 5 74429 75429
1 5 74600 75600
2 5 74771 75771
0 5 74771 75771
3 5 74943 75943
2 5 75114 76114
1 5 75114 76114
3 5 75286 76286
0 5 75457 76457
1 5 75457 76457
2 5 75629 76629
3 5 75800 76800
0 5 75800 76800
1 5 75971 76971
0 5 76143 77143
2 5 76143 77143
1 5 76314 77314
0 5 76486 77486
3 5 76486 77486
2 5 76571 77571
1 5 76571 77571
3 5 76743 77743
0 5 76743 77743
1 5 77000 78000
2 5 77086 78086
3 5 77171 78171
0 5 77171 78171
2 5 77343 78343
1 5 77515 78515
3 5 77515 78515
2 5 77686 78686
1 5 77858 78858
0 5 77858 78858
3 5 78029 79029
2 5 78201 79201
1 5 78201 79201
3 5 78372 79372
2 5 78543 79543
0 5 78543 79543
1 5 78715 79715
3 5 78886 79886
0 5 78886 79886
1 5 79058 80058
2 5 79229 80229
3 5 79229 80229
0 5 79401 80401
1 5 79572 80572
2 5 79572 80572
3 5 79743 80743
1 5 79915 80915
0 5 79915 80915
2 5 80086 81086
3 5 80258 81258
1 5 80258 81258
2 5 80429 81429
3 5 80601 81601
0 5 80601 81601
2 5 80772 81772
1 5 80943 81943
0 5 80943 81943
3 5 81115 82115
0 5 81286 82286
2 5 81286 82286
3 5 81543 82543
1 5 81543 82543
2 5 81800 82800
0 5 81800 82800
2 5 81972 82972
1 5 81972 82972
0 5 82057 83057
3 5 82057 83057
2 5 82229 83229
1 5 82229 83229
3 5 82486 83486
0 5 82486 83486
2 5 82658 83658
1 5 82658 83658
0 5 82829 83829
3 5 83001 84001
1 5 83001 84001
2 5 83172 84172
1 5 83343 84343
0 5 83343 84343
3 5 83515 84515
2 5 83686 84686
0 5 83686 84686
3 5 83858 84858
2 5 84029 85029
1 5 84029 85029
3 5 84114 85114
0 5 84114 85114
2 5 84286 85286
1 5 84286 85286
3 5 84543 85543
1 5 84714 85714
0 5 84715 85715
3 5 84971 85971
2 5 84971 85971
0 5 85229 86229
1 5 85229 86229
2 5 85401 86401
1 5 85401 86401
0 5 85572 86572
3 5 85743 86743
1 5 85743 86743
2 5 85915 86915
3 5 86086 87086
0 5 86086 87086
2 5 86258 87258
1 5 86429 87429
0 5 86429 87429
2 5 86601 87601
1 5 86771 87771
3 5 86772 87772
2 5 87029 88029
0 5 87029 88029
1 5 87286 88286
3 5 87286 88286
0 5 87458 88458
3 5 87458 88458
2 5 87543 88543
1 5 87543 88543
3 5 87715 88715
0 5 87715 88715
1 5 87972 88972
2 5 88058 89058
3 5 88143 89143
0 5 88143 89143
2 5 88315 89315
1 5 88487 89487
3 5 88487 89487
2 5 88658 89658
1 5 88830 89830
0 5 88830 89830
3 5 89001 90001
2 5 89173 90173
1 5 89173 90173
3 5 89344 90344
2 5 89515 90515
0 5 89515 90515
1 5 89687 90687
3 5 89858 90858
0 5 89858 90858
1 5 90030 91030
2 5 90201 91201
3 5 90201 91201
0 5 90373 91373
1 5 90544 91544
2 5 90544 91544
3 5 90715 91715
1 5 90887 91887
0 5 90887 91887
2 5 91058 92058
3 5 91230 92230
1 5 91230 92230
2 5 91401 92401
3 5 91573 92573
0 5 91573 92573
2 5 91744 92744
1 5 91915 92915
0 5 91915 92915
3 5 92087 93087
0 5 92258 93258
2 5 92258 93258
3 5 92515 93515
1 5 92515 93515
2 5 92772 93772
0 5 92772 93772
2 5 92944 93944
1 5 92944 93944
0 5 93029 94029
3 5 93029 94029
2 5 93201 94201
1 5 93201 94201
3 5 93458 94458
0 5 93458 94458
2 5 93630 94630
1 5 93630 94630
0 5 93801 94801
3 5 93973 94973
1 5 93973 94973
2 5 94144 95144
1 5 94315 95315
0 5 94315 95315
3 5 94487 95487
2 5 94658 95658
0 5 94658 95658
3 5 94830 95830
0 5 95000 96000
1 5 95000 96000
3 5 95342 96342
0 5 95342 96342
2 5 95514 96514
1 5 95685 96685
0 5 95685 96685
3 5 95942 96942
2 5 95942 96942
1 5 96200 97200
0 5 96200 97200
1 5 96371 97371
2 5 96371 97371
3 5 96542 97542
1 5 96714 97714
0 5 96714 97714
2 5 96885 97885
3 5 97057 98057
0 5 97057 98057
2 5 97228 98228
1 5 97400 98400
3 5 97400 98400
0 5 97571 98571
1 5 97742 98742
2 5 97742 98742
3 5 97914 98914
2 5 98085 99085
0 5 98085 99085
1 5 98257 99257
3 5 98428 99428
0 5 98428 99428
2 5 98514 99514
1 5 98514 99514
3 5 98685 99685
0 5 98685 99685
0 5 98942 99942
3 5 99028 100028
2 5 99114 100114
1 5 99114 100114
0 5 99286 100286
2 5 99457 100457
3 5 99629 100629
0 5 99800 100800
1 5 99800 100800
2 5 99971 100971
3 5 100143 101143
2 5 100314 101314
3 5 100486 101486
1 5 100486 101486
0 5 100657 101657
2 5 100829 101829
3 5 101000 102000
0 5 101171 102171
1 5 101171 102171
2 5 101343 102343
3 5 101514 102514
2 5 101686 102686
0 5 101857 102857
3 5 101857 102857
1 5 102029 103029
3 5 102200 103200
2 5 102371 103371
1 5 102543 103543
0 5 102543 103543
3 5 102714 103714
2 5 102886 103886
3 5 103057 104057
0 5 103229 104229
1 5 103229 104229
2 5 103400 104400
3 5 103571 104571
0 5 103743 104743
2 5 103914 104914
1 5 103914 104914
0 5 104429 105429
3 5 104600 105600
1 5 104600 105600
2 5 104771 105771
3 5 104943 105943
0 5 105114 106114
1 5 105286 106286
2 5 105286 106286
3 5 105457 106457
2 5 105629 106629
1 5 105800 106800
0 5 105971 106971
3 5 105971 106971
2 5 106143 107143
3 5 106314 107314
2 5 106486 107486
0 5 106657 107657
1 5 106657 107657
3 5 106829 107829
2 5 107000 108000
3 5 107171 108171
0 5 107343 108343
2 5 107343 108343
1 5 107514 108514
0 5 107857 108857
3 5 107943 108943
2 5 108029 109029
1 5 108029 109029
0 5 108200 109200
2 5 108371 109371
3 5 108543 109543
0 5 108714 109714
1 5 108714 109714
2 5 108886 109886
3 5 109057 110057
2 5 109229 110229
0 5 109400 110400
1 5 109400 110400
3 5 109571 110571
2 5 109743 110743
3 5 109914 110914
1 5 110085 111085
0 5 110086 111086
3 5 110257 111257
0 5 110429 111429
1 5 110429 111429
2 5 110600 111600
3 5 110771 111771
1 5 110771 111771
2 5 110943 111943
3 5 111114 112114
0 5 111114 112114
2 5 111286 112286
0 5 111457 112457
1 5 111457 112457
3 5 111629 112629
2 5 111800 112800
1 5 111800 112800
3 5 111971 112971
0 5 112143 113143
2 5 112143 113143
3 5 112314 113314
0 5 112486 113486
1 5 112486 113486
2 5 112657 113657
3 5 112829 113829
0 5 112829 113829
2 5 113000 114000
1 5 113171 114171
0 5 113171 114171
3 5 113343 114343
2 5 113514 114514
1 5 113514 114514
3 5 113686 114686
0 5 113857 114857
2 5 113857 114857
1 5 114029 115029
3 5 114200 115200
0 5 114200 115200
2 5 114371 115371
1 5 114543 115543
0 5 114543 115543
3 5 114714 115714
1 5 114886 115886
2 5 114886 115886
3 5 115057 116057
0 5 115057 116057
2 5 115229 116229
3 5 115400 116400
0 5 115400 116400
2 5 115571 116571
1 5 115571 116571
0 5 115743 116743
3 5 115914 116914
1 5 115914 116914
2 5 116086 117086
1 5 116257 117257
0 5 116257 117257
3 5 116429 117429
2 5 116600 117600
1 5 116600 117600
3 5 116771 117771
0 5 116943 117943
2 5 116943 117943
3 5 117114 118114
0 5 117286 118286
1 5 117286 118286
2 5 117457 118457
3 5 117629 118629
0 5 117629 118629
2 5 117800 118800
1 5 117971 118971
0 5 117971 118971
3 5 118143 119143
2 5 118314 119314
1 5 118314 119314
3 5 118486 119486
0 5 118657 119657
2 5 118657 119657
1 5 118829 119829
3 5 119000 120000
0 5 119000 120000
2 5 119171 120171
3 5 119343 120343
1 5 119343 120343
0 5 119514 120514
2 5 119686 120686
1 5 119686 120686
3 5 119857 120857
0 5 120029 121029
1 5 120029 121029
3 5 120200 121200
2 5 120371 121371
1 5 120371 121371
3 5 120457 121457
0 5 120457 121457
2 5 120629 121629
1 5 120629 121629
3 5 120886 121886
2 5 120971 121971
1 5 121057 122057
0 5 121057 122057
3 5 121229 122229
0 5 121401 122401
1 5 121401 122401
2 5 121572 122572
3 5 121743 122743
1 5 121743 122743
2 5 121915 122915
3 5 122086 123086
0 5 122086 123086
2 5 122258 123258
0 5 122429 123429
1 5 122429 123429
3 5 122601 123601
2 5 122772 123772
1 5 122772 123772
3 5 122943 123943
0 5 123115 124115
2 5 123115 124115
3 5 123286 124286
0 5 123458 124458
1 5 123458 124458
2 5 123629 124629
3 5 123801 124801
0 5 123801 124801
2 5 123972 124972
1 5 124143 125143
0 5 124143 125143
3 5 124315 125315
2 5 124486 125486
1 5 124486 125486
3 5 124658 125658
0 5 124829 125829
2 5 124829 125829
1 5 125001 126001
3 5 125172 126172
0 5 125172 126172
2 5 125343 126343
1 5 125515 126515
0 5 125515 126515
3 5 125686 126686
1 5 125858 126858
2 5 125858 126858
3 5 126029 127029
0 5 126029 127029
2 5 126201 127201
3 5 126372 127372
0 5 126372 127372
2 5 126543 127543
1 5 126543 127543
0 5 126715 127715
3 5 126886 127886
1 5 126886 127886
2 5 127058 128058
1 5 127229 128229
0 5 127229 128229
3 5 127401 128401
2 5 127572 128572
1 5 127572 128572
3 5 127743 128743
0 5 127915 128915
2 5 127915 128915
3 5 128086 129086
0 5 128258 129258
1 5 128258 129258
2 5 128429 129429
3 5 128601 129601
0 5 128601 129601
2 5 128772 129772
1 5 128943 129943
0 5 128943 129943
3 5 129115 130115
2 5 129286 130286
1 5 129286 130286
3 5 129458 130458
0 5 129629 130629
2 5 129629 130629
1 5 129801 130801
3 5 129972 130972
0 5 129972 130972
2 5 130143 131143
3 5 130315 131315
1 5 130315 131315
0 5 130486 131486
2 5 130658 131658
1 5 130658 131658
3 5 130829 131829
0 5 131001 132001
1 5 131001 132001
1 5 131171 132171
3 5 131343 132343
0 5 131343 132343
2 5 131429 132429
1 5 131429 132429
3 5 131601 132601
0 5 131601 132601
2 5 131858 132858
3 5 131943 132943
0 5 132029 133029
1 5 132029 133029
2 5 132201 133201
1 5 132373 133373
0 5 132373 133373
3 5 132544 133544
2 5 132715 133715
0 5 132715 133715
3 5 132887 133887
2 5 133058 134058
1 5 133058 134058
3 5 133230 134230
1 5 133401 134401
0 5 133401 134401
2 5 133573 134573
3 5 133744 134744
0 5 133744 134744
2 5 133915 134915
1 5 134087 135087
3 5 134087 135087
2 5 134258 135258
1 5 134430 135430
0 5 134430 135430
3 5 134601 135601
2 5 134773 135773
1 5 134773 135773
3 5 134944 135944
0 5 135115 136115
1 5 135115 136115
2 5 135287 136287
3 5 135458 136458
0 5 135458 136458
2 5 135630 136630
1 5 135801 136801
3 5 135801 136801
0 5 135973 136973
2 5 136144 137144
1 5 136144 137144
3 5 136315 137315
0 5 136487 137487
1 5 136487 137487
2 5 136658 137658
0 5 136830 137830
3 5 136830 137830
2 5 137001 138001
1 5 137001 138001
3 5 137173 138173
2 5 137344 138344
1 5 137344 138344
3 5 137515 138515
0 5 137515 138515
1 5 137687 138687
2 5 137858 138858
0 5 137858 138858
3 5 138030 139030
0 5 138201 139201
1 5 138201 139201
2 5 138373 139373
3 5 138544 139544
0 5 138544 139544
2 5 138715 139715
1 5 138887 139887
3 5 138887 139887
2 5 139058 140058
1 5 139230 140230
0 5 139230 140230
3 5 139401 140401
2 5 139573 140573
1 5 139573 140573
3 5 139744 140744
0 5 139915 140915
1 5 139915 140915
2 5 140087 141087
3 5 140258 141258
0 5 140258 141258
2 5 140430 141430
1 5 140601 141601
3 5 140601 141601
0 5 140773 141773
2 5 140944 141944
1 5 140944 141944
3 5 141115 142115
2 5 141287 142287
0 5 141287 142287
1 5 141458 142458
3 5 141630 142630
0 5 141630 142630
2 5 141801 142801
1 5 141973 142973
0 5 141973 142973
0 5 142143 143143
2 5 142315 143315
1 5 142315 143315
3 5 142401 143401
0 5 142401 143401
2 5 142573 143573
1 5 142573 143573
3 5 142830 143830
2 5 142915 143915
1 5 143000 144000
0 5 143000 144000
3 5 143172 144172
0 5 143344 144344
1 5 143344 144344
2 5 143515 144515
3 5 143686 144686
1 5 143686 144686
2 5 143858 144858
3 5 144029 145029
0 5 144029 145029
2 5 144201 145201
0 5 144372 145372
1 5 144372 145372
3 5 144544 145544
2 5 144715 145715
1 5 144715 145715
3 5 144886 145886
0 5 145058 146058
2 5 145058 146058
3 5 145229 146229
0 5 145401 146401
1 5 145401 146401
2 5 145572 146572
3 5 145744 146744
0 5 145744 146744
2 5 145915 146915
1 5 146086 147086
0 5 146086 147086
3 5 146258 147258
2 5 146429 147429
1 5 146429 147429
3 5 146601 147601
0 5 146772 147772
2 5 146772 147772
1 5 146944 147944
3 5 147115 148115
0 5 147115 148115
2 5 147286 148286
1 5 147458 148458
0 5 147458 148458
3 5 147629 148629
1 5 147801 148801
2 5 147801 148801
3 5 147972 148972
0 5 147972 148972
2 5 148144 149144
3 5 148315 149315
0 5 148315 149315
2 5 148486 149486
1 5 148486 149486
0 5 148658 149658
3 5 148829 149829
1 5 148829 149829
2 5 149001 150001
1 5 149172 150172
0 5 149172 150172
3 5 149344 150344
2 5 149515 150515
1 5 149515 150515
3 5 149686 150686
0 5 149858 150858
2 5 149858 150858
3 5 150029 151029
0 5 150201 151201
1 5 150201 151201
2 5 150372 151372
3 5 150544 151544
0 5 150544 151544
2 5 150715 151715
1 5 150886 151886
0 5 150886 151886
3 5 151058 152058
2 5 151229 152229
1 5 151229 152229
3 5 151401 152401
0 5 151572 152572
2 5 151572 152572
1 5 151744 152744
3 5 151915 152915
0 5 151915 152915
2 5 152086 153086
3 5 152258 153258
1 5 152258 153258
0 5 152429 153429
2 5 152601 153601
1 5 152601 153601
3 5 152772 153772
0 5 152944 153944
1 5 152944 153944
1 5 153114 154114
3 5 153286 154286
0 5 153286 154286
2 5 153372 154372
1 5 153372 154372
3 5 153544 154544
0 5 153544 154544
2 5 153801 154801
3 5 153886 154886
1 5 153971 154971
0 5 153971 154971
1 5 155000 156000
0 5 155000 156000
1 5 155342 156342
0 5 155342 156342
1 5 156028 157028
2 5 156028 157028
2 5 156200 157200
1 5 156200 157200
3 5 156714 157714
0 5 156714 157714
