Flowering Night
zetoban
Beginner
78114
2 5 371 1371
1 5 1057 2057
0 5 1400 2400
1 5 1742 2742
2 5 2428 3428
3 5 3114 4114
0 5 3800 4800
1 5 4142 5142
0 5 4485 5485
2 5 5171 6171
3 5 5857 6857
1 5 6542 7542
2 5 6885 7885
3 5 7228 8228
1 5 7914 8914
0 5 8600 9600
2 5 9285 10285
3 5 9628 10628
0 5 9971 10971
1 5 9971 10971
2 5 10657 11657
3 5 11342 12342
0 5 12028 13028
3 5 12371 13371
2 5 12714 13714
0 5 13400 14400
1 5 14085 15085
3 5 14771 15771
2 5 15114 16114
1 5 15457 16457
2 5 16142 17142
3 5 16828 17828
0 5 17514 18514
3 5 17857 18857
2 5 18200 19200
0 5 18885 19885
1 5 19571 20571
3 5 20257 21257
2 5 20600 21600
0 5 20942 21942
1 5 20942 21942
3 5 21628 22628
0 5 22314 23314
2 5 23000 24000
3 5 23342 24342
0 5 23685 24685
1 5 24371 25371
3 5 25057 26057
2 5 25742 26742
3 5 26085 27085
0 5 26428 27428
1 5 26428 27428
2 5 27114 28114
1 5 27800 28800
3 5 28485 29485
2 5 28828 29828
1 5 29171 30171
0 5 29857 30857
2 5 30542 31542
3 5 31228 32228
2 5 31571 32571
1 5 31914 32914
0 5 31914 32914
3 5 33285 34285
3 5 33971 34971
1 5 34657 35657
1 5 35342 36342
0 5 36028 37028
0 5 36714 37714
2 5 37400 38400
2 5 38085 39085
3 5 38771 39771
3 5 39457 40457
1 5 40142 41142
1 5 40828 41828
0 5 41514 42514
3 5 42200 43200
2 5 42885 43885
1 5 43571 44571
2 5 43914 44914
3 5 44257 45257
0 5 44257 45257
2 5 44942 45942
3 5 45628 46628
1 5 46314 47314
2 5 46657 47657
3 5 47000 48000
1 5 47685 48685
0 5 48371 49371
2 5 49057 50057
3 5 49400 50400
0 5 49742 50742
1 5 50428 51428
2 5 51114 52114
0 5 51800 52800
3 5 52142 53142
2 5 52485 53485
0 5 53171 54171
1 5 53857 54857
3 5 54542 55542
2 5 54885 55885
1 5 55228 56228
0 5 55228 56228
3 5 55914 56914
2 5 56600 57600
0 5 57286 58286
3 5 57629 58629
2 5 57972 58972
0 5 58657 59657
1 5 59343 60343
3 5 60029 61029
2 5 60372 61372
1 5 60714 61714
0 5 61400 62400
3 5 62086 63086
1 5 62772 63772
2 5 63114 64114
3 5 63457 64457
1 5 64143 65143
0 5 64829 65829
2 5 65514 66514
3 5 65857 66857
0 5 66200 67200
1 5 66200 67200
2 5 66886 67886
3 5 67571 68571
0 5 68257 69257
3 5 68600 69600
2 5 68943 69943
0 5 69629 70629
1 5 70314 71314
3 5 71000 72000
2 5 71343 72343
1 5 71686 72686
2 5 72371 73371
3 5 73057 74057
0 5 73743 74743
3 5 74086 75086
2 5 74429 75429
0 5 75114 76114
1 5 75800 76800
3 5 76486 77486
2 5 76829 77829
0 5 77171 78171
1 5 77171 78171
3 5 77857 78857
0 5 78543 79543
2 5 79229 80229
3 5 79571 80571
0 5 79914 80914
1 5 80600 81600
3 5 81286 82286
2 5 81971 82971
3 5 82314 83314
0 5 82657 83657
1 5 82657 83657
2 5 83343 84343
1 5 84029 85029
3 5 84714 85714
2 5 85057 86057
1 5 85400 86400
0 5 86086 87086
2 5 86771 87771
3 5 87457 88457
2 5 87800 88800
1 5 88143 89143
0 5 88143 89143
3 5 88829 89829
0 5 89515 90515
2 5 90201 91201
3 5 90543 91543
0 5 90886 91886
1 5 91572 92572
3 5 92258 93258
2 5 92943 93943
3 5 93286 94286
0 5 93629 94629
1 5 93629 94629
2 5 94315 95315
1 5 95001 96001
3 5 95686 96686
2 5 96029 97029
1 5 96372 97372
0 5 97058 98058
2 5 97743 98743
3 5 98429 99429
2 5 98772 99772
1 5 99115 100115
0 5 99115 100115
0 5 99800 100800
2 5 100485 101485
2 5 101171 102171
3 5 101857 102857
3 5 102542 103542
1 5 103228 104228
1 5 103914 104914
0 5 104600 105600
0 5 105285 106285
2 5 105971 106971
2 5 106657 107657
0 5 107342 108342
1 5 108028 109028
2 5 108714 109714
3 5 109400 110400
2 5 109742 110742
0 5 110085 111085
1 5 110085 111085
3 5 110771 111771
2 5 111457 112457
0 5 112143 113143
3 5 112486 113486
2 5 112829 113829
0 5 113514 114514
1 5 114200 115200
3 5 114886 115886
2 5 115229 116229
1 5 115571 116571
0 5 116257 117257
3 5 116943 117943
1 5 117629 118629
2 5 117971 118971
3 5 118314 119314
1 5 119000 120000
0 5 119686 120686
2 5 120371 121371
3 5 120714 121714
0 5 121057 122057
1 5 121057 122057
2 5 121743 122743
3 5 122429 123429
1 5 123115 124115
2 5 123458 124458
3 5 123801 124801
1 5 124486 125486
0 5 125172 126172
2 5 125858 126858
3 5 126201 127201
0 5 126543 127543
1 5 127229 128229
2 5 127915 128915
0 5 128601 129601
3 5 128943 129943
2 5 129286 130286
0 5 129972 130972
1 5 130658 131658
3 5 131343 132343
2 5 131686 132686
1 5 132029 133029
0 5 132029 133029
3 5 132714 133714
2 5 133400 134400
0 5 134086 135086
3 5 134429 135429
2 5 134772 135772
0 5 135457 136457
1 5 136143 137143
3 5 136829 137829
2 5 137172 138172
1 5 137514 138514
0 5 138200 139200
3 5 138886 139886
1 5 139572 140572
2 5 139914 140914
3 5 140257 141257
1 5 140943 141943
0 5 141629 142629
2 5 142314 143314
3 5 142657 143657
0 5 143000 144000
1 5 143000 144000
2 5 143686 144686
3 5 144372 145372
1 5 145058 146058
2 5 145401 146401
3 5 145744 146744
1 5 146429 147429
0 5 147115 148115
2 5 147801 148801
3 5 148144 149144
0 5 148486 149486
1 5 149172 150172
2 5 149858 150858
0 5 150544 151544
3 5 150886 151886
2 5 151229 152229
0 5 151915 152915
1 5 152601 153601
3 5 153286 154286
2 5 153629 154629
1 5 153972 154972
0 5 153972 154972
0 5 155342 156342
1 5 155342 156342
3 5 156028 157028
2 5 156028 157028
1 5 156714 157714
0 5 156714 157714
