Flowering Night
zetoban
Easy
78114
2 5 371 1371
1 5 1057 2057
0 5 1400 2400
1 5 1742 2742
2 5 2428 3428
3 5 3114 4114
0 5 3800 4800
1 5 4142 5142
0 5 4485 5485
3 5 5171 6171
2 5 5857 6857
1 5 6542 7542
0 5 6885 7885
1 5 7228 8228
2 5 7914 8914
3 5 8600 9600
0 5 9285 10285
1 5 9628 10628
3 5 9971 10971
0 5 9971 10971
1 5 10314 11314
3 5 10657 11657
2 5 11000 12000
0 5 11342 12342
3 5 11685 12685
1 5 12028 13028
2 5 12200 13200
3 5 12371 13371
0 5 12542 13542
1 5 12714 13714
3 5 13057 14057
2 5 13400 14400
0 5 13742 14742
1 5 14085 15085
2 5 14428 15428
0 5 14771 15771
3 5 14942 15942
2 5 15114 16114
1 5 15285 16285
0 5 15457 16457
2 5 15800 16800
3 5 16142 17142
0 5 16485 17485
1 5 16828 17828
0 5 17171 18171
1 5 17514 18514
2 5 17685 18685
3 5 17857 18857
0 5 18028 19028
1 5 18200 19200
3 5 18542 19542
2 5 18885 19885
0 5 19228 20228
1 5 19571 20571
2 5 19914 20914
3 5 20257 21257
1 5 20514 21514
3 5 20942 21942
0 5 20942 21942
1 5 21286 22286
3 5 21629 22629
2 5 21972 22972
0 5 22314 23314
3 5 22657 23657
1 5 23000 24000
2 5 23172 24172
3 5 23343 24343
0 5 23514 24514
1 5 23686 24686
3 5 24029 25029
2 5 24372 25372
0 5 24714 25714
1 5 25057 26057
2 5 25400 26400
3 5 25742 26742
1 5 26000 27000
0 5 26429 27429
2 5 26772 27772
3 5 27114 28114
0 5 27457 28457
1 5 27800 28800
2 5 28142 29142
3 5 28485 29485
0 5 28828 29828
1 5 29172 30172
3 5 29514 30514
2 5 29857 30857
0 5 30200 31200
1 5 30543 31543
2 5 30886 31886
0 5 31228 32228
2 5 31485 32485
0 5 31742 32742
2 5 31914 32914
1 5 31914 32914
0 5 33285 34285
1 5 33285 34285
1 5 33971 34971
0 5 34657 35657
0 5 35342 36342
2 5 36028 37028
2 5 36714 37714
3 5 37400 38400
3 5 38085 39085
1 5 38771 39771
1 5 39457 40457
3 5 40142 41142
3 5 40828 41828
2 5 41514 42514
3 5 42200 43200
1 5 42885 43885
2 5 43228 44228
3 5 43571 44571
0 5 43914 44914
2 5 44257 45257
1 5 44257 45257
0 5 44600 45600
3 5 44942 45942
2 5 45285 46285
1 5 45628 46628
3 5 45971 46971
0 5 46314 47314
2 5 46657 47657
3 5 47000 48000
1 5 47342 48342
2 5 47685 48685
0 5 48028 49028
3 5 48371 49371
2 5 48714 49714
3 5 49057 50057
1 5 49400 50400
2 5 49742 50742
0 5 50085 51085
1 5 50428 51428
2 5 50771 51771
0 5 51114 52114
3 5 51457 52457
2 5 51800 52800
1 5 52142 53142
3 5 52485 53485
1 5 52828 53828
0 5 53171 54171
3 5 53514 54514
1 5 53857 54857
2 5 54200 55200
3 5 54542 55542
0 5 54885 55885
1 5 55228 56228
2 5 55228 56228
0 5 55571 56571
3 5 55913 56913
2 5 56256 57256
1 5 56599 57599
3 5 56942 57942
0 5 57285 58285
2 5 57628 58628
3 5 57971 58971
1 5 58313 59313
2 5 58656 59656
0 5 58999 59999
3 5 59342 60342
2 5 59685 60685
3 5 60028 61028
1 5 60371 61371
2 5 60713 61713
0 5 61056 62056
1 5 61399 62399
2 5 61742 62742
0 5 62085 63085
3 5 62428 63428
2 5 62771 63771
1 5 63113 64113
3 5 63456 64456
1 5 63799 64799
0 5 64142 65142
3 5 64485 65485
1 5 64828 65828
2 5 65171 66171
3 5 65513 66513
0 5 65856 66856
2 5 66199 67199
1 5 66199 67199
0 5 66543 67543
2 5 66886 67886
3 5 67229 68229
1 5 67571 68571
2 5 67914 68914
0 5 68257 69257
3 5 68429 69429
2 5 68600 69600
1 5 68771 69771
0 5 68943 69943
2 5 69286 70286
3 5 69629 70629
1 5 69971 70971
0 5 70314 71314
3 5 70657 71657
1 5 71000 72000
2 5 71171 72171
3 5 71343 72343
0 5 71514 72514
1 5 71686 72686
3 5 72029 73029
2 5 72371 73371
1 5 72714 73714
0 5 73057 74057
1 5 73400 74400
0 5 73743 74743
3 5 73914 74914
2 5 74086 75086
1 5 74257 75257
0 5 74429 75429
2 5 74771 75771
3 5 75114 76114
1 5 75457 76457
0 5 75800 76800
3 5 76143 77143
2 5 76486 77486
0 5 76743 77743
2 5 77171 78171
1 5 77171 78171
0 5 77515 78515
2 5 77858 78858
3 5 78201 79201
1 5 78543 79543
2 5 78886 79886
0 5 79229 80229
3 5 79401 80401
2 5 79572 80572
1 5 79743 80743
0 5 79915 80915
2 5 80258 81258
3 5 80601 81601
1 5 80943 81943
0 5 81286 82286
3 5 81629 82629
2 5 81971 82971
0 5 82229 83229
1 5 82658 83658
3 5 83001 84001
2 5 83343 84343
1 5 83686 84686
0 5 84029 85029
3 5 84371 85371
2 5 84714 85714
1 5 85057 86057
0 5 85401 86401
2 5 85743 86743
3 5 86086 87086
1 5 86429 87429
0 5 86772 87772
3 5 87115 88115
1 5 87457 88457
3 5 87714 88714
1 5 87971 88971
3 5 88143 89143
0 5 88143 89143
1 5 88486 89486
3 5 88829 89829
2 5 89172 90172
0 5 89514 90514
3 5 89857 90857
1 5 90200 91200
2 5 90372 91372
3 5 90543 91543
0 5 90714 91714
1 5 90886 91886
3 5 91229 92229
2 5 91572 92572
0 5 91914 92914
1 5 92257 93257
2 5 92600 93600
3 5 92942 93942
1 5 93200 94200
0 5 93629 94629
2 5 93972 94972
3 5 94314 95314
0 5 94657 95657
1 5 95000 96000
3 5 95342 96342
2 5 95685 96685
0 5 96028 97028
1 5 96372 97372
3 5 96714 97714
2 5 97057 98057
1 5 97399 98399
0 5 97742 98742
2 5 98086 99086
0 5 98428 99428
2 5 99114 100114
1 5 99114 100114
1 5 99800 100800
0 5 100486 101486
0 5 101171 102171
2 5 101857 102857
2 5 102543 103543
3 5 103229 104229
3 5 103914 104914
1 5 104600 105600
1 5 105286 106286
3 5 105971 106971
3 5 106657 107657
2 5 107343 108343
3 5 108029 109029
1 5 108714 109714
2 5 109057 110057
3 5 109400 110400
0 5 109743 110743
2 5 110086 111086
1 5 110086 111086
0 5 110429 111429
3 5 110771 111771
2 5 111114 112114
1 5 111457 112457
3 5 111800 112800
0 5 112143 113143
2 5 112486 113486
3 5 112829 113829
1 5 113171 114171
2 5 113514 114514
0 5 113857 114857
3 5 114200 115200
2 5 114543 115543
3 5 114886 115886
1 5 115229 116229
2 5 115571 116571
0 5 115914 116914
1 5 116257 117257
2 5 116600 117600
0 5 116943 117943
3 5 117286 118286
2 5 117629 118629
1 5 117971 118971
3 5 118314 119314
1 5 118657 119657
0 5 119000 120000
3 5 119343 120343
1 5 119686 120686
2 5 120029 121029
3 5 120371 121371
0 5 120714 121714
1 5 121057 122057
2 5 121057 122057
0 5 121400 122400
3 5 121742 122742
2 5 122085 123085
1 5 122428 123428
3 5 122771 123771
0 5 123114 124114
2 5 123457 124457
3 5 123800 124800
1 5 124142 125142
2 5 124485 125485
0 5 124828 125828
3 5 125171 126171
2 5 125514 126514
3 5 125857 126857
1 5 126200 127200
2 5 126542 127542
0 5 126885 127885
1 5 127228 128228
2 5 127571 128571
0 5 127914 128914
3 5 128257 129257
2 5 128600 129600
1 5 128942 129942
3 5 129285 130285
1 5 129628 130628
0 5 129971 130971
3 5 130314 131314
1 5 130657 131657
2 5 131000 132000
3 5 131342 132342
0 5 131685 132685
2 5 132029 133029
1 5 132029 133029
0 5 132372 133372
3 5 132714 133714
2 5 133057 134057
1 5 133400 134400
3 5 133743 134743
0 5 134086 135086
2 5 134429 135429
3 5 134772 135772
1 5 135114 136114
2 5 135457 136457
0 5 135800 136800
3 5 136143 137143
2 5 136486 137486
3 5 136829 137829
1 5 137172 138172
2 5 137514 138514
0 5 137857 138857
1 5 138200 139200
2 5 138543 139543
0 5 138886 139886
3 5 139229 140229
2 5 139572 140572
1 5 139914 140914
3 5 140257 141257
1 5 140600 141600
0 5 140943 141943
3 5 141286 142286
1 5 141629 142629
2 5 141972 142972
3 5 142314 143314
0 5 142657 143657
1 5 143000 144000
2 5 143000 144000
0 5 143343 144343
3 5 143685 144685
2 5 144028 145028
1 5 144371 145371
3 5 144714 145714
0 5 145057 146057
2 5 145400 146400
3 5 145743 146743
1 5 146085 147085
2 5 146428 147428
0 5 146771 147771
3 5 147114 148114
2 5 147457 148457
3 5 147800 148800
1 5 148143 149143
2 5 148485 149485
0 5 148828 149828
1 5 149171 150171
2 5 149514 150514
0 5 149857 150857
3 5 150200 151200
2 5 150543 151543
1 5 150885 151885
3 5 151228 152228
1 5 151571 152571
0 5 151914 152914
3 5 152257 153257
1 5 152600 153600
2 5 152943 153943
3 5 153285 154285
0 5 153628 154628
1 5 153971 154971
2 5 153971 154971
3 5 154999 155999
0 5 154999 155999
2 5 155342 156342
1 5 155342 156342
2 5 156028 157028
3 5 156028 157028
1 5 156714 157714
0 5 156714 157714
