Flowering Night
zetoban
Hard
78114
0 5 28 1028
3 5 114 1114
2 5 200 1200
1 5 285 1285
0 5 371 1371
3 5 542 1542
1 5 714 1714
2 5 800 1800
3 5 885 1885
0 5 971 1971
1 5 1057 2057
3 5 1228 2228
2 5 1400 2400
0 5 1571 2571
1 5 1742 2742
0 5 1914 2914
2 5 2085 3085
3 5 2171 3171
0 5 2257 3257
1 5 2428 3428
2 5 2600 3600
0 5 2771 3771
3 5 2857 3857
2 5 2942 3942
1 5 3028 4028
0 5 3114 4114
3 5 3285 4285
1 5 3457 4457
2 5 3542 4542
3 5 3628 4628
0 5 3714 4714
1 5 3800 4800
3 5 3971 4971
2 5 4142 5142
1 5 4314 5314
0 5 4485 5485
1 5 4657 5657
3 5 4828 5828
2 5 4914 5914
1 5 5000 6000
0 5 5171 6171
3 5 5342 6342
1 5 5514 6514
2 5 5600 6600
3 5 5685 6685
0 5 5771 6771
1 5 5857 6857
2 5 6028 7028
0 5 6200 7200
3 5 6285 7285
2 5 6371 7371
1 5 6457 7457
0 5 6542 7542
2 5 6714 7714
3 5 6885 7885
1 5 7057 8057
0 5 7228 8228
1 5 7400 8400
3 5 7571 8571
2 5 7657 8657
1 5 7742 8742
0 5 7914 8914
3 5 8085 9085
1 5 8257 9257
2 5 8342 9342
3 5 8428 9428
0 5 8514 9514
1 5 8600 9600
2 5 8771 9771
0 5 8942 9942
3 5 9028 10028
2 5 9114 10114
1 5 9200 10200
3 5 9285 10285
0 5 9285 10285
2 5 9628 10628
1 5 9628 10628
3 5 9971 10971
0 5 9971 10971
1 5 10142 11142
3 5 10314 11314
2 5 10400 11400
3 5 10485 11485
1 5 10657 11657
0 5 10828 11828
2 5 11000 12000
3 5 11085 12085
2 5 11171 12171
1 5 11257 12257
0 5 11342 12342
1 5 11514 12514
3 5 11685 12685
0 5 11771 12771
2 5 11857 12857
3 5 11942 12942
0 5 12028 13028
1 5 12200 13200
3 5 12371 13371
1 5 12542 13542
0 5 12714 13714
1 5 12885 13885
3 5 13057 14057
2 5 13142 14142
3 5 13228 14228
1 5 13400 14400
0 5 13571 14571
2 5 13742 14742
3 5 13828 14828
2 5 13914 14914
1 5 14000 15000
3 5 14085 15085
0 5 14257 15257
2 5 14428 15428
1 5 14514 15514
3 5 14600 15600
2 5 14685 15685
1 5 14771 15771
0 5 14942 15942
2 5 15114 16114
0 5 15285 16285
1 5 15457 16457
0 5 15628 16628
2 5 15800 16800
3 5 15885 16885
2 5 15971 16971
0 5 16142 17142
1 5 16314 17314
3 5 16485 17485
2 5 16571 17571
3 5 16657 17657
0 5 16742 17742
1 5 16828 17828
0 5 17000 18000
2 5 17171 18171
1 5 17257 18257
3 5 17342 18342
2 5 17428 18428
1 5 17514 18514
0 5 17685 18685
2 5 17857 18857
0 5 18028 19028
1 5 18200 19200
0 5 18371 19371
2 5 18542 19542
3 5 18628 19628
2 5 18714 19714
0 5 18885 19885
1 5 19057 20057
3 5 19228 20228
2 5 19314 20314
3 5 19400 20400
0 5 19485 20485
2 5 19571 20571
1 5 19742 20742
3 5 19914 20914
0 5 20000 21000
2 5 20085 21085
3 5 20171 21171
1 5 20257 21257
2 5 20342 21342
3 5 20514 21514
0 5 20514 21514
1 5 20771 21771
2 5 20857 21857
3 5 20942 21942
0 5 20942 21942
1 5 21114 22114
3 5 21285 22285
2 5 21371 22371
3 5 21457 22457
1 5 21628 22628
0 5 21800 22800
2 5 21971 22971
1 5 22057 23057
3 5 22142 23142
2 5 22228 23228
1 5 22314 23314
0 5 22485 23485
2 5 22657 23657
3 5 22742 23742
2 5 22828 23828
1 5 22914 23914
0 5 23000 24000
2 5 23171 24171
3 5 23342 24342
1 5 23514 24514
0 5 23685 24685
1 5 23857 24857
3 5 24028 25028
2 5 24114 25114
3 5 24200 25200
1 5 24371 25371
0 5 24542 25542
2 5 24714 25714
1 5 24800 25800
3 5 24885 25885
2 5 24971 25971
1 5 25057 26057
0 5 25228 26228
1 5 25314 26314
0 5 25485 26485
1 5 25571 26571
2 5 25657 26657
3 5 25742 26742
0 5 25828 26828
2 5 26000 27000
1 5 26000 27000
0 5 26257 27257
1 5 26428 27428
2 5 26428 27428
0 5 26600 27600
2 5 26771 27771
3 5 26857 27857
2 5 26942 27942
0 5 27114 28114
1 5 27285 28285
3 5 27457 28457
0 5 27542 28542
2 5 27628 28628
3 5 27714 28714
1 5 27800 28800
2 5 27885 28885
1 5 28057 29057
0 5 28228 29228
3 5 28314 29314
2 5 28400 29400
1 5 28485 29485
0 5 28657 29657
1 5 28742 29742
0 5 28914 29914
1 5 29000 30000
2 5 29085 30085
3 5 29171 30171
1 5 29342 30342
3 5 29514 30514
2 5 29600 30600
3 5 29685 30685
1 5 29857 30857
0 5 30028 31028
2 5 30200 31200
1 5 30285 31285
3 5 30371 31371
2 5 30457 31457
1 5 30542 31542
0 5 30714 31714
1 5 30800 31800
0 5 30971 31971
1 5 31057 32057
2 5 31142 32142
3 5 31228 32228
0 5 31314 32314
2 5 31485 32485
1 5 31485 32485
0 5 31742 32742
3 5 31828 32828
2 5 31914 32914
1 5 31914 32914
3 5 32600 33600
2 5 32685 33685
0 5 32857 33857
2 5 33028 34028
3 5 33114 34114
2 5 33285 34285
1 5 33285 34285
0 5 33457 34457
2 5 33628 34628
3 5 33800 34800
0 5 33971 34971
1 5 33971 34971
2 5 34142 35142
3 5 34314 35314
2 5 34485 35485
1 5 34657 35657
3 5 34657 35657
0 5 34828 35828
2 5 35000 36000
3 5 35171 36171
0 5 35342 36342
1 5 35342 36342
2 5 35514 36514
3 5 35685 36685
2 5 35857 36857
0 5 36028 37028
3 5 36028 37028
1 5 36200 37200
3 5 36371 37371
2 5 36542 37542
1 5 36714 37714
0 5 36714 37714
3 5 36885 37885
2 5 37057 38057
3 5 37228 38228
0 5 37400 38400
1 5 37400 38400
2 5 37571 38571
3 5 37742 38742
0 5 37914 38914
2 5 38085 39085
1 5 38085 39085
3 5 38257 39257
2 5 38342 39342
3 5 38600 39600
0 5 38600 39600
1 5 38771 39771
2 5 38771 39771
3 5 38942 39942
2 5 39114 40114
1 5 39285 40285
3 5 39457 40457
0 5 39457 40457
2 5 39628 40628
3 5 39800 40800
0 5 39971 40971
2 5 40142 41142
1 5 40142 41142
3 5 40314 41314
2 5 40485 41485
3 5 40657 41657
0 5 40828 41828
1 5 40828 41828
2 5 41000 42000
3 5 41171 42171
2 5 41342 42342
1 5 41514 42514
3 5 41514 42514
0 5 41685 42685
1 5 42028 43028
2 5 42114 43114
3 5 42200 43200
0 5 42200 43200
1 5 42371 43371
3 5 42542 43542
2 5 42714 43714
1 5 42885 43885
0 5 42885 43885
3 5 43057 44057
2 5 43228 44228
3 5 43400 44400
1 5 43571 44571
2 5 43571 44571
3 5 43742 44742
2 5 43828 44828
1 5 43914 44914
3 5 44085 45085
0 5 44085 45085
2 5 44257 45257
1 5 44257 45257
3 5 44428 45428
2 5 44514 45514
1 5 44600 45600
0 5 44600 45600
3 5 44771 45771
2 5 44942 45942
1 5 44942 45942
3 5 45114 46114
1 5 45285 46285
0 5 45285 46285
2 5 45457 46457
3 5 45628 46628
0 5 45628 46628
2 5 45800 46800
3 5 45885 46885
0 5 45971 46971
1 5 45971 46971
2 5 46142 47142
3 5 46314 47314
1 5 46314 47314
2 5 46485 47485
3 5 46657 47657
0 5 46657 47657
1 5 46828 47828
2 5 47000 48000
0 5 47000 48000
3 5 47171 48171
2 5 47257 48257
1 5 47342 48342
0 5 47342 48342
3 5 47514 48514
2 5 47685 48685
1 5 47685 48685
0 5 47857 48857
3 5 48028 49028
1 5 48028 49028
2 5 48200 49200
3 5 48371 49371
0 5 48371 49371
2 5 48542 49542
1 5 48714 49714
0 5 48714 49714
3 5 48885 49885
2 5 49057 50057
1 5 49057 50057
3 5 49228 50228
0 5 49228 50228
1 5 49400 50400
0 5 49571 50571
3 5 49571 50571
2 5 49742 50742
1 5 49742 50742
3 5 49914 50914
2 5 50085 51085
0 5 50085 51085
1 5 50257 51257
3 5 50428 51428
0 5 50428 51428
2 5 50600 51600
1 5 50771 51771
0 5 50771 51771
3 5 50942 51942
2 5 51114 52114
0 5 51114 52114
3 5 51285 52285
2 5 51457 52457
1 5 51457 52457
3 5 51628 52628
0 5 51800 52800
1 5 51800 52800
2 5 51971 52971
3 5 52142 53142
0 5 52142 53142
2 5 52314 53314
3 5 52400 53400
0 5 52485 53485
1 5 52485 53485
2 5 52657 53657
3 5 52828 53828
1 5 52828 53828
0 5 53000 54000
3 5 53085 54085
2 5 53171 54171
1 5 53171 54171
3 5 53342 54342
1 5 53514 54514
0 5 53514 54514
2 5 53685 54685
3 5 53857 54857
0 5 53857 54857
2 5 54028 55028
1 5 54200 55200
0 5 54200 55200
3 5 54371 55371
2 5 54542 55542
1 5 54542 55542
3 5 54628 55628
0 5 54628 55628
2 5 54800 55800
1 5 54800 55800
3 5 55057 56057
2 5 55142 56142
1 5 55228 56228
0 5 55228 56228
2 5 55400 56400
3 5 55486 56486
0 5 55572 56572
1 5 55572 56572
2 5 55743 56743
3 5 55914 56914
0 5 55914 56914
2 5 56086 57086
0 5 56257 57257
1 5 56257 57257
3 5 56429 57429
2 5 56600 57600
1 5 56600 57600
3 5 56772 57772
2 5 56857 57857
1 5 56943 57943
0 5 56943 57943
3 5 57114 58114
2 5 57286 58286
0 5 57286 58286
3 5 57457 58457
2 5 57629 58629
1 5 57629 58629
0 5 57800 58800
3 5 57972 58972
1 5 57972 58972
2 5 58143 59143
3 5 58229 59229
0 5 58314 59314
1 5 58314 59314
2 5 58486 59486
3 5 58657 59657
0 5 58657 59657
1 5 58829 59829
2 5 59000 60000
0 5 59000 60000
3 5 59172 60172
2 5 59343 60343
1 5 59343 60343
3 5 59514 60514
0 5 59686 60686
1 5 59686 60686
2 5 59857 60857
3 5 60029 61029
0 5 60029 61029
2 5 60200 61200
1 5 60200 61200
0 5 60372 61372
1 5 60543 61543
2 5 60543 61543
3 5 60714 61714
0 5 60714 61714
2 5 60886 61886
3 5 61057 62057
1 5 61057 62057
0 5 61229 62229
2 5 61400 62400
1 5 61400 62400
3 5 61572 62572
0 5 61743 62743
1 5 61743 62743
2 5 61914 62914
3 5 62086 63086
1 5 62086 63086
2 5 62257 63257
3 5 62429 63429
0 5 62429 63429
2 5 62600 63600
1 5 62772 63772
0 5 62772 63772
3 5 62943 63943
2 5 63114 64114
1 5 63114 64114
3 5 63286 64286
2 5 63372 64372
1 5 63457 64457
0 5 63457 64457
3 5 63629 64629
2 5 63800 64800
0 5 63800 64800
1 5 63972 64972
2 5 64057 65057
3 5 64143 65143
0 5 64143 65143
2 5 64314 65314
0 5 64486 65486
1 5 64486 65486
3 5 64657 65657
2 5 64742 65742
1 5 64828 65828
0 5 64828 65828
3 5 65000 66000
1 5 65171 66171
0 5 65171 66171
2 5 65342 66342
3 5 65514 66514
0 5 65514 66514
2 5 65600 66600
1 5 65600 66600
3 5 65771 66771
0 5 65771 66771
1 5 66028 67028
2 5 66114 67114
0 5 66200 67200
3 5 66200 67200
1 5 66371 67371
3 5 66542 67542
2 5 66628 67628
3 5 66714 67714
1 5 66886 67886
0 5 67057 68057
2 5 67229 68229
3 5 67314 68314
2 5 67400 68400
1 5 67486 68486
0 5 67571 68571
1 5 67743 68743
3 5 67914 68914
0 5 68000 69000
2 5 68086 69086
3 5 68171 69171
0 5 68257 69257
1 5 68429 69429
3 5 68600 69600
1 5 68771 69771
0 5 68943 69943
1 5 69114 70114
3 5 69286 70286
2 5 69371 70371
3 5 69457 70457
1 5 69629 70629
0 5 69800 70800
2 5 69971 70971
3 5 70057 71057
2 5 70143 71143
1 5 70229 71229
3 5 70314 71314
0 5 70486 71486
2 5 70657 71657
1 5 70743 71743
3 5 70829 71829
2 5 70914 71914
1 5 71000 72000
0 5 71171 72171
2 5 71343 72343
0 5 71514 72514
1 5 71686 72686
0 5 71857 72857
2 5 72029 73029
3 5 72114 73114
2 5 72200 73200
0 5 72371 73371
1 5 72543 73543
3 5 72714 73714
2 5 72800 73800
3 5 72886 73886
0 5 72971 73971
1 5 73057 74057
0 5 73229 74229
2 5 73400 74400
1 5 73486 74486
3 5 73571 74571
2 5 73657 74657
1 5 73743 74743
0 5 73914 74914
2 5 74086 75086
0 5 74257 75257
1 5 74429 75429
0 5 74600 75600
2 5 74771 75771
3 5 74857 75857
2 5 74943 75943
0 5 75114 76114
1 5 75286 76286
3 5 75457 76457
2 5 75543 76543
3 5 75629 76629
0 5 75714 76714
2 5 75800 76800
1 5 75971 76971
3 5 76143 77143
0 5 76229 77229
2 5 76314 77314
3 5 76400 77400
1 5 76486 77486
2 5 76571 77571
3 5 76743 77743
0 5 76743 77743
1 5 77000 78000
2 5 77086 78086
3 5 77171 78171
0 5 77171 78171
1 5 77343 78343
3 5 77514 78514
2 5 77600 78600
3 5 77686 78686
1 5 77857 78857
0 5 78029 79029
2 5 78200 79200
1 5 78286 79286
3 5 78371 79371
2 5 78457 79457
1 5 78543 79543
0 5 78714 79714
2 5 78886 79886
3 5 78971 79971
2 5 79057 80057
1 5 79143 80143
0 5 79229 80229
2 5 79400 80400
3 5 79571 80571
1 5 79743 80743
0 5 79914 80914
1 5 80086 81086
3 5 80257 81257
2 5 80343 81343
3 5 80429 81429
1 5 80600 81600
0 5 80771 81771
2 5 80943 81943
1 5 81029 82029
3 5 81114 82114
2 5 81200 82200
1 5 81286 82286
0 5 81457 82457
1 5 81543 82543
0 5 81714 82714
1 5 81800 82800
2 5 81886 82886
3 5 81971 82971
0 5 82057 83057
2 5 82229 83229
1 5 82229 83229
0 5 82486 83486
1 5 82657 83657
2 5 82657 83657
0 5 82829 83829
2 5 83000 84000
3 5 83086 84086
2 5 83171 84171
0 5 83343 84343
1 5 83514 84514
3 5 83686 84686
0 5 83771 84771
2 5 83857 84857
3 5 83943 84943
1 5 84029 85029
2 5 84114 85114
1 5 84286 85286
0 5 84457 85457
3 5 84543 85543
2 5 84629 85629
1 5 84714 85714
0 5 84886 85886
1 5 84971 85971
0 5 85143 86143
1 5 85229 86229
2 5 85314 86314
3 5 85400 86400
1 5 85571 86571
3 5 85743 86743
2 5 85829 86829
3 5 85914 86914
1 5 86086 87086
0 5 86257 87257
2 5 86429 87429
1 5 86514 87514
3 5 86600 87600
2 5 86686 87686
1 5 86771 87771
0 5 86943 87943
1 5 87029 88029
0 5 87200 88200
1 5 87286 88286
2 5 87371 88371
3 5 87457 88457
0 5 87543 88543
2 5 87714 88714
1 5 87714 88714
0 5 87971 88971
3 5 88057 89057
2 5 88143 89143
1 5 88143 89143
0 5 88314 89314
2 5 88485 89485
3 5 88571 89571
2 5 88657 89657
0 5 88828 89828
1 5 89000 90000
3 5 89171 90171
0 5 89257 90257
2 5 89342 90342
3 5 89428 90428
0 5 89514 90514
1 5 89685 90685
3 5 89857 90857
2 5 89942 90942
3 5 90028 91028
0 5 90114 91114
1 5 90200 91200
3 5 90371 91371
2 5 90542 91542
0 5 90714 91714
1 5 90885 91885
0 5 91057 92057
2 5 91228 92228
3 5 91314 92314
2 5 91400 92400
0 5 91571 92571
1 5 91742 92742
3 5 91914 92914
0 5 92000 93000
2 5 92085 93085
3 5 92171 93171
0 5 92257 93257
1 5 92428 93428
0 5 92514 93514
1 5 92685 93685
0 5 92771 93771
3 5 92857 93857
2 5 92942 93942
1 5 93028 94028
3 5 93200 94200
0 5 93200 94200
1 5 93457 94457
0 5 93628 94628
3 5 93628 94628
1 5 93800 94800
3 5 93971 94971
2 5 94057 95057
3 5 94142 95142
1 5 94314 95314
0 5 94485 95485
2 5 94657 95657
3 5 94828 95828
0 5 95000 96000
1 5 95000 96000
3 5 95342 96342
2 5 95428 96428
0 5 95514 96514
3 5 95600 96600
1 5 95685 96685
2 5 95685 96685
3 5 95942 96942
0 5 95942 96942
2 5 96200 97200
1 5 96200 97200
3 5 96371 97371
0 5 96371 97371
1 5 96542 97542
2 5 96714 97714
0 5 96714 97714
3 5 96885 97885
1 5 97057 98057
0 5 97057 98057
2 5 97228 98228
3 5 97400 98400
0 5 97400 98400
2 5 97571 98571
1 5 97742 98742
3 5 97742 98742
2 5 97914 98914
1 5 98085 99085
0 5 98085 99085
3 5 98257 99257
2 5 98428 99428
1 5 98428 99428
3 5 98514 99514
0 5 98514 99514
2 5 98685 99685
1 5 98685 99685
0 5 98942 99942
3 5 99028 100028
2 5 99114 100114
1 5 99114 100114
0 5 99286 100286
2 5 99457 100457
3 5 99629 100629
0 5 99800 100800
1 5 99800 100800
2 5 99971 100971
3 5 100143 101143
2 5 100314 101314
1 5 100486 101486
3 5 100486 101486
0 5 100657 101657
2 5 100829 101829
3 5 101000 102000
0 5 101171 102171
1 5 101171 102171
2 5 101343 102343
3 5 101514 102514
2 5 101686 102686
0 5 101857 102857
3 5 101857 102857
1 5 102029 103029
3 5 102200 103200
2 5 102371 103371
1 5 102543 103543
0 5 102543 103543
3 5 102714 103714
2 5 102886 103886
3 5 103057 104057
0 5 103229 104229
1 5 103229 104229
2 5 103400 104400
3 5 103571 104571
0 5 103743 104743
2 5 103914 104914
1 5 103914 104914
3 5 104086 105086
2 5 104171 105171
3 5 104429 105429
0 5 104429 105429
1 5 104600 105600
2 5 104600 105600
3 5 104771 105771
2 5 104943 105943
1 5 105114 106114
3 5 105286 106286
0 5 105286 106286
2 5 105457 106457
3 5 105629 106629
0 5 105800 106800
2 5 105971 106971
1 5 105971 106971
3 5 106143 107143
2 5 106314 107314
3 5 106486 107486
0 5 106657 107657
1 5 106657 107657
2 5 106829 107829
3 5 107000 108000
2 5 107171 108171
1 5 107343 108343
3 5 107343 108343
0 5 107514 108514
1 5 107857 108857
2 5 107943 108943
3 5 108029 109029
0 5 108029 109029
1 5 108200 109200
3 5 108371 109371
2 5 108543 109543
1 5 108714 109714
0 5 108714 109714
3 5 108886 109886
2 5 109057 110057
3 5 109229 110229
1 5 109400 110400
2 5 109400 110400
3 5 109571 110571
2 5 109657 110657
1 5 109743 110743
3 5 109914 110914
0 5 109914 110914
2 5 110086 111086
1 5 110086 111086
3 5 110257 111257
2 5 110343 111343
1 5 110429 111429
0 5 110429 111429
3 5 110600 111600
2 5 110771 111771
1 5 110771 111771
3 5 110943 111943
1 5 111114 112114
0 5 111114 112114
2 5 111286 112286
3 5 111457 112457
0 5 111457 112457
2 5 111629 112629
3 5 111714 112714
0 5 111800 112800
1 5 111800 112800
2 5 111971 112971
3 5 112143 113143
1 5 112143 113143
2 5 112314 113314
3 5 112486 113486
0 5 112486 113486
1 5 112657 113657
2 5 112829 113829
0 5 112829 113829
3 5 113000 114000
2 5 113086 114086
1 5 113171 114171
0 5 113171 114171
3 5 113343 114343
2 5 113514 114514
1 5 113514 114514
0 5 113686 114686
3 5 113857 114857
1 5 113857 114857
2 5 114029 115029
3 5 114200 115200
0 5 114200 115200
2 5 114371 115371
1 5 114543 115543
0 5 114543 115543
3 5 114714 115714
2 5 114886 115886
1 5 114886 115886
3 5 115057 116057
0 5 115057 116057
1 5 115229 116229
0 5 115400 116400
3 5 115400 116400
2 5 115571 116571
1 5 115571 116571
3 5 115743 116743
2 5 115914 116914
0 5 115914 116914
1 5 116086 117086
3 5 116257 117257
0 5 116257 117257
2 5 116429 117429
1 5 116600 117600
0 5 116600 117600
3 5 116771 117771
2 5 116943 117943
0 5 116943 117943
3 5 117114 118114
2 5 117286 118286
1 5 117286 118286
3 5 117457 118457
0 5 117629 118629
1 5 117629 118629
2 5 117800 118800
3 5 117971 118971
0 5 117971 118971
2 5 118143 119143
3 5 118229 119229
0 5 118314 119314
1 5 118314 119314
2 5 118486 119486
3 5 118657 119657
1 5 118657 119657
0 5 118829 119829
3 5 118914 119914
2 5 119000 120000
1 5 119000 120000
3 5 119171 120171
1 5 119343 120343
0 5 119343 120343
2 5 119514 120514
3 5 119686 120686
0 5 119686 120686
2 5 119857 120857
1 5 120029 121029
0 5 120029 121029
3 5 120200 121200
2 5 120371 121371
1 5 120371 121371
3 5 120457 121457
0 5 120457 121457
2 5 120629 121629
1 5 120629 121629
3 5 120886 121886
2 5 120971 121971
1 5 121057 122057
0 5 121057 122057
2 5 121229 122229
3 5 121315 122315
0 5 121401 122401
1 5 121401 122401
2 5 121572 122572
3 5 121743 122743
0 5 121743 122743
2 5 121915 122915
0 5 122086 123086
1 5 122086 123086
3 5 122258 123258
2 5 122429 123429
1 5 122429 123429
3 5 122601 123601
2 5 122686 123686
1 5 122772 123772
0 5 122772 123772
3 5 122943 123943
2 5 123115 124115
0 5 123115 124115
3 5 123286 124286
2 5 123458 124458
1 5 123458 124458
0 5 123629 124629
3 5 123801 124801
1 5 123801 124801
2 5 123972 124972
3 5 124058 125058
0 5 124143 125143
1 5 124143 125143
2 5 124315 125315
3 5 124486 125486
0 5 124486 125486
1 5 124658 125658
2 5 124829 125829
0 5 124829 125829
3 5 125001 126001
2 5 125172 126172
1 5 125172 126172
3 5 125343 126343
0 5 125515 126515
1 5 125515 126515
2 5 125686 126686
3 5 125858 126858
0 5 125858 126858
2 5 126029 127029
1 5 126029 127029
0 5 126201 127201
1 5 126372 127372
2 5 126372 127372
3 5 126543 127543
0 5 126543 127543
2 5 126715 127715
3 5 126886 127886
1 5 126886 127886
0 5 127058 128058
2 5 127229 128229
1 5 127229 128229
3 5 127401 128401
0 5 127572 128572
1 5 127572 128572
2 5 127743 128743
3 5 127915 128915
1 5 127915 128915
2 5 128086 129086
3 5 128258 129258
0 5 128258 129258
2 5 128429 129429
1 5 128601 129601
0 5 128601 129601
3 5 128772 129772
2 5 128943 129943
1 5 128943 129943
3 5 129115 130115
2 5 129201 130201
1 5 129286 130286
0 5 129286 130286
3 5 129458 130458
2 5 129629 130629
0 5 129629 130629
1 5 129801 130801
2 5 129886 130886
3 5 129972 130972
0 5 129972 130972
2 5 130143 131143
0 5 130315 131315
1 5 130315 131315
3 5 130486 131486
2 5 130571 131571
1 5 130657 131657
0 5 130657 131657
3 5 130829 131829
1 5 131000 132000
0 5 131000 132000
2 5 131171 132171
3 5 131343 132343
0 5 131343 132343
2 5 131429 132429
1 5 131429 132429
3 5 131600 132600
0 5 131600 132600
1 5 131857 132857
2 5 131943 132943
0 5 132029 133029
3 5 132029 133029
2 5 132200 133200
3 5 132286 133286
0 5 132372 133372
1 5 132372 133372
2 5 132543 133543
3 5 132714 133714
0 5 132714 133714
2 5 132886 133886
0 5 133057 134057
1 5 133057 134057
3 5 133229 134229
2 5 133400 134400
1 5 133400 134400
3 5 133572 134572
2 5 133657 134657
1 5 133743 134743
0 5 133743 134743
3 5 133914 134914
2 5 134086 135086
0 5 134086 135086
3 5 134257 135257
2 5 134429 135429
1 5 134429 135429
0 5 134600 135600
3 5 134772 135772
1 5 134772 135772
2 5 134943 135943
3 5 135029 136029
0 5 135114 136114
1 5 135114 136114
2 5 135286 136286
3 5 135457 136457
0 5 135457 136457
1 5 135629 136629
2 5 135800 136800
0 5 135800 136800
3 5 135972 136972
2 5 136143 137143
1 5 136143 137143
3 5 136314 137314
0 5 136486 137486
1 5 136486 137486
2 5 136657 137657
3 5 136829 137829
0 5 136829 137829
2 5 137000 138000
1 5 137000 138000
0 5 137172 138172
1 5 137343 138343
2 5 137343 138343
3 5 137514 138514
0 5 137514 138514
2 5 137686 138686
3 5 137857 138857
1 5 137857 138857
0 5 138029 139029
2 5 138200 139200
1 5 138200 139200
3 5 138372 139372
0 5 138543 139543
1 5 138543 139543
2 5 138714 139714
3 5 138886 139886
1 5 138886 139886
2 5 139057 140057
3 5 139229 140229
0 5 139229 140229
2 5 139400 140400
1 5 139572 140572
0 5 139572 140572
3 5 139743 140743
2 5 139914 140914
1 5 139914 140914
3 5 140086 141086
2 5 140172 141172
1 5 140257 141257
0 5 140257 141257
3 5 140429 141429
2 5 140600 141600
0 5 140600 141600
1 5 140772 141772
2 5 140857 141857
3 5 140943 141943
0 5 140943 141943
2 5 141114 142114
0 5 141286 142286
1 5 141286 142286
3 5 141457 142457
2 5 141629 142629
1 5 141629 142629
3 5 141800 142800
0 5 141972 142972
1 5 141972 142972
2 5 142143 143143
3 5 142314 143314
0 5 142314 143314
2 5 142400 143400
1 5 142400 143400
3 5 142572 143572
0 5 142572 143572
2 5 142829 143829
3 5 142914 143914
0 5 143000 144000
1 5 143000 144000
3 5 143172 144172
2 5 143258 144258
1 5 143344 144344
0 5 143344 144344
3 5 143515 144515
2 5 143686 144686
1 5 143686 144686
3 5 143858 144858
1 5 144029 145029
0 5 144029 145029
2 5 144201 145201
3 5 144372 145372
0 5 144372 145372
2 5 144544 145544
3 5 144629 145629
0 5 144715 145715
1 5 144715 145715
2 5 144886 145886
3 5 145058 146058
1 5 145058 146058
2 5 145229 146229
3 5 145401 146401
0 5 145401 146401
1 5 145572 146572
2 5 145744 146744
0 5 145744 146744
3 5 145915 146915
2 5 146001 147001
1 5 146086 147086
0 5 146086 147086
3 5 146258 147258
2 5 146429 147429
1 5 146429 147429
0 5 146601 147601
3 5 146772 147772
1 5 146772 147772
2 5 146944 147944
3 5 147115 148115
0 5 147115 148115
2 5 147286 148286
1 5 147458 148458
0 5 147458 148458
3 5 147629 148629
2 5 147801 148801
1 5 147801 148801
3 5 147972 148972
0 5 147972 148972
1 5 148144 149144
0 5 148315 149315
3 5 148315 149315
2 5 148486 149486
1 5 148486 149486
3 5 148658 149658
2 5 148829 149829
0 5 148829 149829
1 5 149001 150001
3 5 149172 150172
0 5 149172 150172
2 5 149344 150344
1 5 149515 150515
0 5 149515 150515
3 5 149686 150686
2 5 149858 150858
0 5 149858 150858
3 5 150029 151029
2 5 150201 151201
1 5 150201 151201
3 5 150372 151372
0 5 150544 151544
1 5 150544 151544
2 5 150715 151715
3 5 150886 151886
0 5 150886 151886
2 5 151058 152058
3 5 151144 152144
0 5 151229 152229
1 5 151229 152229
2 5 151401 152401
3 5 151572 152572
1 5 151572 152572
0 5 151744 152744
3 5 151829 152829
2 5 151915 152915
1 5 151915 152915
3 5 152086 153086
1 5 152258 153258
0 5 152258 153258
2 5 152429 153429
3 5 152514 153514
0 5 152600 153600
1 5 152600 153600
2 5 152772 153772
0 5 152943 153943
1 5 152943 153943
3 5 153114 154114
2 5 153286 154286
1 5 153286 154286
3 5 153372 154372
0 5 153372 154372
2 5 153543 154543
1 5 153543 154543
0 5 153800 154800
3 5 153886 154886
1 5 153971 154971
2 5 153971 154971
1 5 155000 156000
2 5 155000 156000
1 5 155342 156342
2 5 155342 156342
2 5 156028 157028
0 5 156028 157028
0 5 156200 157200
2 5 156200 157200
3 5 156714 157714
1 5 156714 157714
0 5 156714 157714
