Flowering Night
zetoban
Insane
78114
3 5 28 1028
0 5 114 1114
3 5 200 1200
2 5 285 1285
1 5 371 1371
0 5 542 1542
2 5 714 1714
3 5 800 1800
2 5 885 1885
3 5 971 1971
0 5 1057 2057
1 5 1228 2228
3 5 1400 2400
1 5 1571 2571
0 5 1742 2742
1 5 1914 2914
3 5 2085 3085
2 5 2171 3171
3 5 2257 3257
1 5 2428 3428
2 5 2600 3600
0 5 2771 3771
3 5 2857 3857
2 5 2942 3942
1 5 3028 4028
3 5 3114 4114
0 5 3285 4285
2 5 3457 4457
3 5 3542 4542
2 5 3628 4628
3 5 3714 4714
1 5 3800 4800
0 5 3971 4971
2 5 4142 5142
0 5 4314 5314
1 5 4485 5485
2 5 4485 5485
0 5 4657 5657
2 5 4828 5828
3 5 4914 5914
2 5 5000 6000
3 5 5171 6171
0 5 5171 6171
1 5 5342 6342
3 5 5514 6514
0 5 5600 6600
3 5 5685 6685
2 5 5771 6771
0 5 5857 6857
1 5 5857 6857
3 5 6028 7028
2 5 6200 7200
3 5 6285 7285
2 5 6371 7371
3 5 6457 7457
0 5 6542 7542
1 5 6542 7542
2 5 6714 7714
3 5 6885 7885
2 5 7057 8057
1 5 7228 8228
3 5 7228 8228
0 5 7400 8400
2 5 7571 8571
3 5 7657 8657
2 5 7742 8742
0 5 7914 8914
1 5 7914 8914
3 5 8085 9085
2 5 8257 9257
3 5 8342 9342
2 5 8428 9428
1 5 8514 9514
3 5 8600 9600
0 5 8600 9600
1 5 8771 9771
3 5 8942 9942
2 5 9028 10028
3 5 9114 10114
2 5 9200 10200
0 5 9285 10285
1 5 9285 10285
3 5 9457 10457
2 5 9542 10542
0 5 9628 10628
3 5 9628 10628
2 5 9800 10800
1 5 9971 10971
2 5 9971 10971
0 5 9971 10971
3 5 10142 11142
1 5 10314 11314
0 5 10314 11314
2 5 10400 11400
3 5 10485 11485
2 5 10657 11657
0 5 10657 11657
1 5 10828 11828
3 5 11000 12000
0 5 11000 12000
2 5 11085 12085
3 5 11171 12171
2 5 11257 12257
1 5 11342 12342
0 5 11342 12342
3 5 11514 12514
1 5 11685 12685
2 5 11685 12685
0 5 11771 12771
2 5 11857 12857
3 5 11942 12942
0 5 12028 13028
1 5 12028 13028
2 5 12200 13200
1 5 12371 13371
3 5 12371 13371
2 5 12542 13542
0 5 12714 13714
1 5 12714 13714
3 5 12885 13885
2 5 13057 14057
1 5 13057 14057
3 5 13142 14142
0 5 13228 14228
3 5 13400 14400
1 5 13400 14400
2 5 13571 14571
1 5 13742 14742
0 5 13742 14742
3 5 13828 14828
2 5 13914 14914
3 5 14000 15000
1 5 14085 15085
0 5 14085 15085
2 5 14257 15257
3 5 14428 15428
0 5 14428 15428
1 5 14514 15514
3 5 14600 15600
2 5 14685 15685
1 5 14771 15771
0 5 14771 15771
1 5 14942 15942
0 5 14942 15942
3 5 15114 16114
0 5 15285 16285
1 5 15285 16285
1 5 15457 16457
2 5 15457 16457
3 5 15628 16628
0 5 15800 16800
1 5 15800 16800
2 5 15885 16885
1 5 15971 16971
3 5 16142 17142
0 5 16142 17142
2 5 16314 17314
1 5 16485 17485
3 5 16485 17485
0 5 16571 17571
3 5 16657 17657
2 5 16742 17742
1 5 16828 17828
0 5 16828 17828
3 5 17000 18000
2 5 17171 18171
1 5 17171 18171
0 5 17257 18257
2 5 17342 18342
3 5 17428 18428
0 5 17514 18514
1 5 17514 18514
2 5 17685 18685
3 5 17857 18857
0 5 17857 18857
2 5 18028 19028
1 5 18200 19200
3 5 18200 19200
2 5 18371 19371
1 5 18542 19542
0 5 18542 19542
3 5 18628 19628
2 5 18714 19714
3 5 18885 19885
0 5 18885 19885
1 5 19057 20057
2 5 19228 20228
0 5 19228 20228
1 5 19314 20314
2 5 19400 20400
3 5 19485 20485
0 5 19571 20571
1 5 19571 20571
3 5 19742 20742
1 5 19914 20914
0 5 19914 20914
2 5 20000 21000
3 5 20085 21085
0 5 20171 21171
2 5 20257 21257
1 5 20257 21257
3 5 20342 21342
0 5 20342 21342
3 5 20514 21514
2 5 20514 21514
1 5 20771 21771
0 5 20771 21771
3 5 20857 21857
0 5 20942 21942
2 5 20942 21942
1 5 20942 21942
3 5 21114 22114
1 5 21285 22285
0 5 21285 22285
2 5 21371 22371
1 5 21457 22457
3 5 21628 22628
0 5 21628 22628
2 5 21800 22800
1 5 21971 22971
3 5 21971 22971
0 5 22057 23057
3 5 22142 23142
2 5 22228 23228
1 5 22314 23314
0 5 22314 23314
3 5 22485 23485
1 5 22657 23657
2 5 22657 23657
3 5 22742 23742
2 5 22828 23828
3 5 22914 23914
0 5 23000 24000
1 5 23000 24000
2 5 23171 24171
1 5 23342 24342
0 5 23342 24342
3 5 23514 24514
2 5 23685 24685
0 5 23685 24685
1 5 23857 24857
3 5 24028 25028
0 5 24028 25028
2 5 24114 25114
3 5 24200 25200
1 5 24371 25371
0 5 24371 25371
2 5 24542 25542
3 5 24714 25714
0 5 24714 25714
1 5 24800 25800
3 5 24885 25885
2 5 24971 25971
1 5 25057 26057
0 5 25057 26057
2 5 25228 26228
1 5 25314 26314
0 5 25314 26314
3 5 25485 26485
0 5 25571 26571
1 5 25571 26571
2 5 25657 26657
3 5 25742 26742
0 5 25742 26742
2 5 25828 26828
1 5 25828 26828
2 5 26000 27000
0 5 26000 27000
1 5 26257 27257
3 5 26257 27257
1 5 26428 27428
2 5 26428 27428
0 5 26428 27428
3 5 26600 27600
2 5 26771 27771
1 5 26771 27771
3 5 26857 27857
2 5 26942 27942
0 5 27114 28114
1 5 27114 28114
3 5 27285 28285
2 5 27457 28457
1 5 27457 28457
3 5 27542 28542
2 5 27628 28628
1 5 27714 28714
0 5 27800 28800
3 5 27800 28800
2 5 27885 28885
1 5 27885 28885
3 5 28057 29057
0 5 28057 29057
2 5 28228 29228
3 5 28314 29314
0 5 28400 29400
2 5 28485 29485
1 5 28485 29485
3 5 28657 29657
1 5 28742 29742
2 5 28742 29742
3 5 28914 29914
1 5 29000 30000
2 5 29000 30000
3 5 29085 30085
0 5 29171 30171
1 5 29171 30171
2 5 29342 30342
3 5 29514 30514
0 5 29514 30514
2 5 29600 30600
3 5 29685 30685
1 5 29857 30857
0 5 29857 30857
2 5 30028 31028
3 5 30200 31200
0 5 30200 31200
2 5 30285 31285
3 5 30371 31371
2 5 30457 31457
1 5 30542 31542
0 5 30542 31542
3 5 30714 31714
0 5 30800 31800
1 5 30800 31800
2 5 30971 31971
1 5 31057 32057
0 5 31057 32057
3 5 31142 32142
2 5 31228 32228
1 5 31228 32228
3 5 31314 32314
0 5 31314 32314
1 5 31485 32485
2 5 31485 32485
3 5 31742 32742
0 5 31742 32742
2 5 31828 32828
1 5 31914 32914
0 5 31914 32914
3 5 31914 32914
3 5 32600 33600
3 5 32685 33685
1 5 32857 33857
0 5 33028 34028
3 5 33114 34114
2 5 33285 34285
0 5 33285 34285
1 5 33285 34285
3 5 33457 34457
2 5 33628 34628
0 5 33800 34800
2 5 33971 34971
1 5 33971 34971
3 5 34142 35142
1 5 34314 35314
3 5 34485 35485
0 5 34657 35657
2 5 34657 35657
3 5 34828 35828
1 5 35000 36000
0 5 35171 36171
1 5 35342 36342
2 5 35342 36342
0 5 35514 36514
1 5 35685 36685
3 5 35857 36857
0 5 36028 37028
2 5 36028 37028
1 5 36200 37200
3 5 36371 37371
2 5 36542 37542
1 5 36714 37714
0 5 36714 37714
2 5 36885 37885
3 5 37057 38057
2 5 37228 38228
0 5 37400 38400
1 5 37400 38400
3 5 37571 38571
2 5 37742 38742
0 5 37914 38914
2 5 38085 39085
1 5 38085 39085
3 5 38257 39257
2 5 38342 39342
0 5 38600 39600
3 5 38600 39600
2 5 38771 39771
1 5 38771 39771
3 5 38942 39942
2 5 39114 40114
0 5 39285 40285
1 5 39457 40457
2 5 39457 40457
3 5 39628 40628
1 5 39800 40800
3 5 39971 40971
0 5 40142 41142
2 5 40142 41142
1 5 40314 41314
3 5 40485 41485
1 5 40657 41657
2 5 40828 41828
0 5 40828 41828
1 5 41000 42000
3 5 41171 42171
2 5 41342 42342
1 5 41514 42514
0 5 41514 42514
2 5 41685 42685
3 5 41857 42857
1 5 42028 43028
2 5 42114 43114
3 5 42200 43200
0 5 42200 43200
2 5 42371 43371
3 5 42542 43542
1 5 42714 43714
2 5 42885 43885
0 5 42885 43885
1 5 43057 44057
3 5 43228 44228
2 5 43400 44400
1 5 43571 44571
0 5 43571 44571
2 5 43742 44742
3 5 43828 44828
1 5 43914 44914
0 5 43914 44914
3 5 44085 45085
2 5 44085 45085
2 5 44257 45257
1 5 44257 45257
0 5 44257 45257
3 5 44428 45428
2 5 44514 45514
1 5 44600 45600
0 5 44600 45600
3 5 44771 45771
2 5 44942 45942
0 5 44942 45942
3 5 45114 46114
2 5 45285 46285
1 5 45285 46285
0 5 45457 46457
3 5 45457 46457
3 5 45628 46628
1 5 45628 46628
2 5 45800 46800
3 5 45885 46885
1 5 45971 46971
0 5 45971 46971
2 5 46142 47142
3 5 46314 47314
1 5 46314 47314
2 5 46485 47485
3 5 46657 47657
0 5 46657 47657
1 5 46828 47828
2 5 47000 48000
0 5 47000 48000
1 5 47171 48171
2 5 47257 48257
3 5 47342 48342
0 5 47342 48342
2 5 47514 48514
1 5 47685 48685
3 5 47685 48685
2 5 47857 48857
1 5 48028 49028
0 5 48028 49028
3 5 48200 49200
2 5 48200 49200
2 5 48371 49371
1 5 48371 49371
3 5 48542 49542
0 5 48542 49542
1 5 48714 49714
3 5 48714 49714
2 5 48885 49885
3 5 49057 50057
0 5 49057 50057
2 5 49228 50228
1 5 49228 50228
3 5 49400 50400
1 5 49571 50571
2 5 49571 50571
0 5 49742 50742
3 5 49742 50742
1 5 49914 50914
3 5 49914 50914
2 5 50085 51085
0 5 50085 51085
3 5 50257 51257
2 5 50428 51428
1 5 50428 51428
3 5 50600 51600
0 5 50771 51771
1 5 50771 51771
3 5 50942 51942
2 5 50942 51942
2 5 51114 52114
1 5 51114 52114
3 5 51285 52285
0 5 51285 52285
1 5 51457 52457
3 5 51457 52457
0 5 51628 52628
3 5 51800 52800
1 5 51800 52800
2 5 51971 52971
0 5 51971 52971
1 5 52142 53142
0 5 52142 53142
3 5 52314 53314
2 5 52400 53400
0 5 52485 53485
1 5 52485 53485
3 5 52657 53657
2 5 52657 53657
0 5 52828 53828
1 5 52828 53828
1 5 53000 54000
2 5 53085 54085
3 5 53171 54171
0 5 53171 54171
2 5 53342 54342
1 5 53342 54342
1 5 53514 54514
0 5 53514 54514
3 5 53685 54685
2 5 53685 54685
1 5 53857 54857
0 5 53857 54857
3 5 54028 55028
1 5 54028 55028
2 5 54200 55200
0 5 54200 55200
3 5 54371 55371
0 5 54371 55371
1 5 54542 55542
2 5 54542 55542
3 5 54628 55628
0 5 54628 55628
1 5 54800 55800
2 5 54800 55800
3 5 55057 56057
0 5 55057 56057
2 5 55142 56142
3 5 55228 56228
0 5 55228 56228
1 5 55228 56228
2 5 55400 56400
3 5 55485 56485
0 5 55571 56571
1 5 55571 56571
2 5 55742 56742
3 5 55914 56914
1 5 55914 56914
2 5 56085 57085
3 5 56257 57257
0 5 56257 57257
1 5 56428 57428
2 5 56428 57428
0 5 56600 57600
2 5 56600 57600
3 5 56771 57771
2 5 56857 57857
1 5 56942 57942
0 5 56942 57942
3 5 57114 58114
0 5 57285 58285
1 5 57285 58285
2 5 57457 58457
3 5 57628 58628
0 5 57628 58628
2 5 57800 58800
1 5 57971 58971
3 5 57971 58971
0 5 58142 59142
3 5 58228 59228
2 5 58314 59314
1 5 58314 59314
3 5 58485 59485
2 5 58657 59657
0 5 58657 59657
1 5 58828 59828
3 5 59000 60000
0 5 59000 60000
2 5 59171 60171
1 5 59171 60171
1 5 59342 60342
3 5 59342 60342
2 5 59514 60514
1 5 59685 60685
0 5 59685 60685
3 5 59857 60857
1 5 60028 61028
2 5 60028 61028
0 5 60200 61200
3 5 60200 61200
1 5 60371 61371
3 5 60542 61542
0 5 60542 61542
2 5 60714 61714
1 5 60714 61714
3 5 60885 61885
2 5 61057 62057
0 5 61057 62057
3 5 61228 62228
0 5 61400 62400
1 5 61400 62400
2 5 61571 62571
3 5 61742 62742
0 5 61742 62742
1 5 61914 62914
2 5 61914 62914
2 5 62085 63085
0 5 62085 63085
3 5 62257 63257
1 5 62257 63257
1 5 62428 63428
0 5 62428 63428
2 5 62600 63600
1 5 62771 63771
3 5 62771 63771
2 5 62942 63942
0 5 62942 63942
3 5 63114 64114
0 5 63114 64114
2 5 63285 64285
3 5 63371 64371
1 5 63457 64457
0 5 63457 64457
2 5 63628 64628
3 5 63800 64800
0 5 63800 64800
1 5 63971 64971
2 5 64057 65057
0 5 64142 65142
3 5 64142 65142
1 5 64314 65314
2 5 64485 65485
0 5 64485 65485
3 5 64657 65657
2 5 64742 65742
1 5 64828 65828
0 5 64828 65828
2 5 65000 66000
3 5 65171 66171
0 5 65171 66171
3 5 65342 66342
1 5 65514 66514
0 5 65514 66514
3 5 65600 66600
2 5 65600 66600
1 5 65771 66771
0 5 65771 66771
3 5 66028 67028
0 5 66028 67028
2 5 66114 67114
1 5 66200 67200
3 5 66200 67200
0 5 66200 67200
2 5 66371 67371
0 5 66543 67543
1 5 66543 67543
3 5 66629 67629
2 5 66714 67714
3 5 66886 67886
1 5 66886 67886
0 5 67057 68057
2 5 67229 68229
1 5 67229 68229
3 5 67314 68314
2 5 67400 68400
3 5 67486 68486
0 5 67571 68571
1 5 67571 68571
2 5 67743 68743
0 5 67914 68914
3 5 67914 68914
1 5 68000 69000
3 5 68086 69086
2 5 68171 69171
1 5 68257 69257
0 5 68257 69257
3 5 68429 69429
0 5 68600 69600
2 5 68600 69600
3 5 68771 69771
1 5 68943 69943
0 5 68943 69943
2 5 69114 70114
3 5 69286 70286
0 5 69286 70286
2 5 69371 70371
1 5 69457 70457
2 5 69629 70629
0 5 69629 70629
3 5 69800 70800
0 5 69971 70971
1 5 69971 70971
2 5 70057 71057
3 5 70143 71143
2 5 70229 71229
0 5 70314 71314
1 5 70314 71314
3 5 70486 71486
2 5 70657 71657
1 5 70657 71657
0 5 70743 71743
2 5 70829 71829
3 5 70914 71914
0 5 71000 72000
1 5 71000 72000
0 5 71171 72171
1 5 71171 72171
2 5 71343 72343
1 5 71514 72514
0 5 71514 72514
0 5 71686 72686
3 5 71686 72686
2 5 71857 72857
1 5 72029 73029
0 5 72029 73029
3 5 72114 73114
0 5 72200 73200
2 5 72371 73371
1 5 72371 73371
3 5 72543 73543
0 5 72714 73714
2 5 72714 73714
1 5 72800 73800
2 5 72886 73886
3 5 72971 73971
0 5 73057 74057
1 5 73057 74057
2 5 73229 74229
3 5 73400 74400
0 5 73400 74400
1 5 73486 74486
3 5 73571 74571
2 5 73657 74657
1 5 73743 74743
0 5 73743 74743
3 5 73914 74914
2 5 74086 75086
1 5 74086 75086
3 5 74257 75257
0 5 74429 75429
2 5 74429 75429
3 5 74600 75600
0 5 74771 75771
1 5 74771 75771
2 5 74857 75857
3 5 74943 75943
2 5 75114 76114
1 5 75114 76114
0 5 75286 76286
3 5 75457 76457
1 5 75457 76457
0 5 75543 76543
3 5 75629 76629
2 5 75714 76714
1 5 75800 76800
0 5 75800 76800
2 5 75971 76971
0 5 76143 77143
1 5 76143 77143
3 5 76229 77229
2 5 76314 77314
1 5 76400 77400
3 5 76486 77486
0 5 76486 77486
2 5 76571 77571
1 5 76571 77571
2 5 76743 77743
3 5 76743 77743
0 5 77000 78000
1 5 77000 78000
2 5 77086 78086
1 5 77171 78171
3 5 77171 78171
0 5 77171 78171
2 5 77343 78343
0 5 77514 78514
1 5 77514 78514
3 5 77600 78600
0 5 77686 78686
2 5 77857 78857
1 5 77857 78857
3 5 78029 79029
0 5 78200 79200
2 5 78200 79200
1 5 78286 79286
2 5 78371 79371
3 5 78457 79457
0 5 78543 79543
1 5 78543 79543
2 5 78714 79714
0 5 78886 79886
3 5 78886 79886
2 5 78971 79971
3 5 79057 80057
2 5 79143 80143
1 5 79229 80229
0 5 79229 80229
3 5 79400 80400
0 5 79571 80571
1 5 79571 80571
2 5 79743 80743
3 5 79914 80914
1 5 79914 80914
0 5 80086 81086
2 5 80257 81257
1 5 80257 81257
3 5 80343 81343
2 5 80429 81429
0 5 80600 81600
1 5 80600 81600
3 5 80771 81771
2 5 80943 81943
1 5 80943 81943
0 5 81029 82029
2 5 81114 82114
3 5 81200 82200
0 5 81286 82286
1 5 81286 82286
3 5 81457 82457
1 5 81542 82542
0 5 81542 82542
2 5 81714 82714
1 5 81800 82800
0 5 81800 82800
3 5 81886 82886
2 5 81971 82971
1 5 81971 82971
3 5 82057 83057
0 5 82057 83057
3 5 82229 83229
1 5 82229 83229
0 5 82486 83486
2 5 82486 83486
0 5 82657 83657
3 5 82657 83657
1 5 82657 83657
2 5 82829 83829
3 5 83000 84000
0 5 83000 84000
2 5 83086 84086
3 5 83171 84171
1 5 83343 84343
0 5 83343 84343
2 5 83514 84514
3 5 83686 84686
0 5 83686 84686
2 5 83771 84771
3 5 83857 84857
0 5 83943 84943
1 5 84029 85029
2 5 84029 85029
3 5 84114 85114
0 5 84114 85114
2 5 84286 85286
1 5 84286 85286
3 5 84457 85457
2 5 84543 85543
1 5 84629 85629
3 5 84714 85714
0 5 84714 85714
2 5 84886 85886
0 5 84971 85971
3 5 84971 85971
2 5 85143 86143
0 5 85229 86229
3 5 85229 86229
2 5 85314 86314
1 5 85400 86400
0 5 85400 86400
3 5 85571 86571
2 5 85743 86743
1 5 85743 86743
3 5 85829 86829
2 5 85914 86914
0 5 86086 87086
1 5 86086 87086
3 5 86257 87257
2 5 86429 87429
1 5 86429 87429
3 5 86514 87514
2 5 86600 87600
3 5 86686 87686
0 5 86771 87771
1 5 86771 87771
2 5 86943 87943
1 5 87029 88029
0 5 87029 88029
3 5 87200 88200
0 5 87286 88286
1 5 87286 88286
2 5 87371 88371
3 5 87457 88457
0 5 87457 88457
2 5 87543 88543
1 5 87543 88543
0 5 87714 88714
3 5 87714 88714
2 5 87971 88971
1 5 87971 88971
3 5 88057 89057
0 5 88142 89142
2 5 88142 89142
1 5 88142 89142
3 5 88314 89314
1 5 88485 89485
0 5 88485 89485
2 5 88571 89571
1 5 88657 89657
3 5 88828 89828
0 5 88828 89828
2 5 89000 90000
1 5 89171 90171
3 5 89171 90171
0 5 89257 90257
3 5 89342 90342
2 5 89428 90428
1 5 89514 90514
0 5 89514 90514
3 5 89685 90685
1 5 89857 90857
2 5 89857 90857
3 5 89942 90942
2 5 90028 91028
3 5 90114 91114
0 5 90200 91200
1 5 90200 91200
2 5 90371 91371
1 5 90542 91542
0 5 90542 91542
3 5 90714 91714
2 5 90885 91885
0 5 90885 91885
1 5 91057 92057
3 5 91228 92228
0 5 91228 92228
2 5 91314 92314
3 5 91400 92400
1 5 91571 92571
0 5 91571 92571
2 5 91742 92742
3 5 91914 92914
0 5 91914 92914
1 5 92000 93000
3 5 92085 93085
2 5 92171 93171
1 5 92257 93257
0 5 92257 93257
2 5 92428 93428
1 5 92514 93514
0 5 92514 93514
3 5 92685 93685
1 5 92771 93771
0 5 92771 93771
2 5 92857 93857
3 5 92942 93942
0 5 92942 93942
2 5 93028 94028
1 5 93028 94028
2 5 93200 94200
0 5 93200 94200
1 5 93457 94457
3 5 93457 94457
1 5 93628 94628
2 5 93628 94628
0 5 93628 94628
3 5 93800 94800
2 5 93971 94971
1 5 93971 94971
3 5 94057 95057
2 5 94142 95142
0 5 94314 95314
1 5 94314 95314
3 5 94485 95485
2 5 94657 95657
1 5 94657 95657
3 5 94828 95828
0 5 95000 96000
1 5 95000 96000
2 5 95171 96171
3 5 95342 96342
1 5 95342 96342
2 5 95428 96428
0 5 95514 96514
3 5 95600 96600
2 5 95685 96685
1 5 95685 96685
0 5 95942 96942
3 5 95942 96942
1 5 96200 97200
2 5 96200 97200
3 5 96371 97371
0 5 96371 97371
1 5 96542 97542
2 5 96714 97714
0 5 96714 97714
3 5 96885 97885
1 5 97057 98057
0 5 97057 98057
2 5 97228 98228
3 5 97400 98400
0 5 97400 98400
2 5 97571 98571
1 5 97742 98742
3 5 97742 98742
0 5 97914 98914
1 5 98085 99085
2 5 98085 99085
3 5 98257 99257
1 5 98428 99428
0 5 98428 99428
3 5 98514 99514
2 5 98514 99514
1 5 98685 99685
0 5 98685 99685
0 5 98942 99942
3 5 98942 99942
2 5 99028 100028
3 5 99114 100114
1 5 99114 100114
0 5 99114 100114
2 5 99286 100286
3 5 99457 100457
1 5 99629 100629
3 5 99800 100800
0 5 99800 100800
2 5 99971 100971
0 5 100143 101143
2 5 100314 101314
1 5 100486 101486
3 5 100486 101486
2 5 100657 101657
0 5 100829 101829
1 5 101000 102000
0 5 101171 102171
3 5 101171 102171
1 5 101343 102343
0 5 101514 102514
2 5 101686 102686
1 5 101857 102857
3 5 101857 102857
0 5 102029 103029
2 5 102200 103200
3 5 102371 103371
0 5 102543 103543
1 5 102543 103543
3 5 102714 103714
2 5 102886 103886
3 5 103057 104057
1 5 103229 104229
0 5 103229 104229
2 5 103400 104400
3 5 103571 104571
1 5 103743 104743
3 5 103914 104914
0 5 103914 104914
2 5 104086 105086
3 5 104171 105171
1 5 104429 105429
2 5 104429 105429
3 5 104600 105600
0 5 104600 105600
2 5 104771 105771
3 5 104943 105943
1 5 105114 106114
0 5 105286 106286
3 5 105286 106286
2 5 105457 106457
0 5 105629 106629
2 5 105800 106800
1 5 105971 106971
3 5 105971 106971
0 5 106143 107143
2 5 106314 107314
0 5 106486 107486
3 5 106657 107657
1 5 106657 107657
0 5 106829 107829
2 5 107000 108000
3 5 107171 108171
0 5 107343 108343
1 5 107343 108343
3 5 107514 108514
2 5 107686 108686
0 5 107857 108857
3 5 107943 108943
2 5 108029 109029
1 5 108029 109029
3 5 108200 109200
2 5 108371 109371
0 5 108543 109543
3 5 108714 109714
1 5 108714 109714
0 5 108886 109886
2 5 109057 110057
3 5 109229 110229
0 5 109400 110400
1 5 109400 110400
3 5 109571 110571
2 5 109657 110657
0 5 109743 110743
1 5 109743 110743
2 5 109914 110914
3 5 109914 110914
3 5 110086 111086
0 5 110086 111086
1 5 110086 111086
2 5 110257 111257
3 5 110343 111343
0 5 110429 111429
1 5 110429 111429
2 5 110600 111600
3 5 110771 111771
1 5 110771 111771
2 5 110943 111943
3 5 111114 112114
0 5 111114 112114
2 5 111285 112285
1 5 111286 112286
2 5 111457 112457
0 5 111457 112457
3 5 111629 112629
2 5 111714 112714
0 5 111800 112800
1 5 111800 112800
3 5 111971 112971
2 5 112143 113143
0 5 112143 113143
3 5 112314 113314
2 5 112486 113486
1 5 112486 113486
0 5 112657 113657
3 5 112829 113829
1 5 112829 113829
0 5 113000 114000
3 5 113086 114086
2 5 113171 114171
1 5 113171 114171
3 5 113343 114343
0 5 113514 114514
2 5 113514 114514
3 5 113686 114686
0 5 113857 114857
1 5 113857 114857
3 5 114028 115028
2 5 114029 115029
3 5 114200 115200
0 5 114200 115200
2 5 114371 115371
3 5 114543 115543
1 5 114543 115543
0 5 114714 115714
2 5 114886 115886
1 5 114886 115886
3 5 115057 116057
0 5 115057 116057
2 5 115229 116229
0 5 115400 116400
3 5 115400 116400
1 5 115571 116571
2 5 115571 116571
2 5 115742 116742
0 5 115743 116743
3 5 115914 116914
1 5 115914 116914
2 5 116086 117086
3 5 116257 117257
0 5 116257 117257
2 5 116429 117429
1 5 116600 117600
0 5 116600 117600
2 5 116771 117771
3 5 116771 117771
0 5 116942 117942
3 5 116943 117943
2 5 117114 118114
1 5 117114 118114
2 5 117285 118285
0 5 117286 118286
3 5 117457 118457
1 5 117628 118628
2 5 117629 118629
3 5 117800 118800
0 5 117800 118800
0 5 117971 118971
1 5 117971 118971
2 5 118143 119143
3 5 118229 119229
1 5 118314 119314
0 5 118314 119314
3 5 118485 119485
2 5 118486 119486
1 5 118657 119657
0 5 118657 119657
0 5 118829 119829
3 5 118914 119914
2 5 119000 120000
1 5 119000 120000
3 5 119171 120171
0 5 119171 120171
0 5 119343 120343
1 5 119343 120343
2 5 119514 120514
3 5 119514 120514
2 5 119685 120685
1 5 119685 120685
0 5 119857 120857
3 5 119857 120857
0 5 120028 121028
1 5 120029 121029
2 5 120200 121200
3 5 120200 121200
0 5 120371 121371
3 5 120371 121371
2 5 120457 121457
1 5 120457 121457
0 5 120629 121629
3 5 120629 121629
2 5 120886 121886
1 5 120886 121886
3 5 120971 121971
2 5 121057 122057
1 5 121057 122057
0 5 121057 122057
3 5 121229 122229
2 5 121314 122314
1 5 121400 122400
0 5 121400 122400
3 5 121571 122571
2 5 121743 122743
0 5 121743 122743
3 5 121914 122914
2 5 122086 123086
1 5 122086 123086
0 5 122257 123257
3 5 122257 123257
1 5 122429 123429
3 5 122429 123429
2 5 122600 123600
3 5 122686 123686
0 5 122771 123771
1 5 122771 123771
2 5 122943 123943
1 5 123114 124114
0 5 123114 124114
3 5 123286 124286
2 5 123457 124457
1 5 123457 124457
3 5 123629 124629
0 5 123800 124800
2 5 123800 124800
1 5 123971 124971
2 5 124057 125057
3 5 124143 125143
0 5 124143 125143
2 5 124314 125314
3 5 124486 125486
1 5 124486 125486
0 5 124657 125657
2 5 124829 125829
1 5 124829 125829
3 5 125000 126000
0 5 125000 126000
0 5 125171 126171
2 5 125171 126171
3 5 125343 126343
0 5 125514 126514
1 5 125514 126514
2 5 125686 126686
0 5 125857 126857
3 5 125857 126857
1 5 126029 127029
2 5 126029 127029
0 5 126200 127200
2 5 126371 127371
1 5 126371 127371
3 5 126543 127543
0 5 126543 127543
2 5 126714 127714
0 5 126714 127714
3 5 126886 127886
1 5 126886 127886
2 5 127057 128057
1 5 127229 128229
0 5 127229 128229
3 5 127400 128400
2 5 127571 128571
1 5 127571 128571
3 5 127742 128742
0 5 127743 128743
3 5 127914 128914
1 5 127914 128914
0 5 128085 129085
2 5 128086 129086
0 5 128257 129257
1 5 128257 129257
3 5 128429 129429
0 5 128600 129600
2 5 128600 129600
3 5 128771 129771
1 5 128771 129771
2 5 128943 129943
1 5 128943 129943
3 5 129114 130114
2 5 129200 130200
0 5 129286 130286
1 5 129286 130286
3 5 129457 130457
2 5 129629 130629
1 5 129629 130629
0 5 129800 130800
3 5 129886 130886
1 5 129971 130971
2 5 129971 130971
0 5 130143 131143
3 5 130314 131314
1 5 130314 131314
2 5 130486 131486
3 5 130571 131571
0 5 130657 131657
1 5 130657 131657
3 5 130829 131829
2 5 131000 132000
1 5 131000 132000
2 5 131171 132171
0 5 131343 132343
1 5 131343 132343
2 5 131429 132429
3 5 131429 132429
0 5 131600 132600
1 5 131600 132600
2 5 131857 132857
1 5 131857 132857
3 5 131943 132943
0 5 132029 133029
2 5 132029 133029
1 5 132029 133029
3 5 132200 133200
2 5 132285 133285
1 5 132371 133371
0 5 132371 133371
3 5 132542 133542
2 5 132714 133714
0 5 132714 133714
3 5 132885 133885
2 5 133057 134057
1 5 133057 134057
0 5 133228 134228
3 5 133228 134228
1 5 133400 134400
3 5 133400 134400
2 5 133571 134571
3 5 133657 134657
0 5 133742 134742
1 5 133742 134742
2 5 133914 134914
0 5 134085 135085
3 5 134085 135085
1 5 134257 135257
0 5 134428 135428
2 5 134428 135428
3 5 134600 135600
2 5 134771 135771
1 5 134771 135771
3 5 134942 135942
2 5 135028 136028
1 5 135114 136114
0 5 135114 136114
3 5 135285 136285
2 5 135457 136457
1 5 135457 136457
3 5 135628 136628
0 5 135800 136800
1 5 135800 136800
2 5 135971 136971
3 5 135971 136971
1 5 136142 137142
2 5 136142 137142
0 5 136314 137314
3 5 136314 137314
1 5 136485 137485
2 5 136485 137485
0 5 136657 137657
1 5 136828 137828
3 5 136828 137828
2 5 137000 138000
0 5 137000 138000
1 5 137171 138171
0 5 137342 138342
3 5 137342 138342
1 5 137514 138514
2 5 137514 138514
0 5 137685 138685
2 5 137685 138685
3 5 137857 138857
1 5 137857 138857
2 5 138028 139028
0 5 138200 139200
3 5 138200 139200
2 5 138371 139371
1 5 138542 139542
0 5 138542 139542
3 5 138714 139714
2 5 138714 139714
0 5 138885 139885
1 5 138885 139885
3 5 139057 140057
0 5 139057 140057
2 5 139228 140228
1 5 139228 140228
3 5 139400 140400
0 5 139571 140571
1 5 139571 140571
2 5 139742 140742
3 5 139742 140742
3 5 139914 140914
0 5 139914 140914
2 5 140085 141085
3 5 140171 141171
0 5 140257 141257
1 5 140257 141257
3 5 140428 141428
2 5 140600 141600
0 5 140600 141600
1 5 140771 141771
2 5 140857 141857
3 5 140942 141942
0 5 140942 141942
1 5 141114 142114
2 5 141285 142285
0 5 141285 142285
3 5 141457 142457
2 5 141542 142542
1 5 141628 142628
0 5 141628 142628
2 5 141800 142800
1 5 141971 142971
3 5 141971 142971
3 5 142142 143142
1 5 142314 143314
2 5 142314 143314
3 5 142400 143400
0 5 142400 143400
1 5 142571 143571
2 5 142571 143571
3 5 142828 143828
0 5 142828 143828
2 5 142914 143914
1 5 143000 144000
3 5 143000 144000
0 5 143000 144000
2 5 143171 144171
3 5 143257 144257
0 5 143342 144342
1 5 143342 144342
2 5 143514 144514
0 5 143685 144685
3 5 143685 144685
1 5 143857 144857
0 5 144028 145028
2 5 144028 145028
3 5 144200 145200
1 5 144200 145200
1 5 144371 145371
2 5 144371 145371
3 5 144542 145542
2 5 144628 145628
1 5 144714 145714
0 5 144714 145714
3 5 144885 145885
1 5 145057 146057
2 5 145057 146057
0 5 145228 146228
1 5 145400 146400
3 5 145400 146400
2 5 145571 146571
3 5 145742 146742
0 5 145742 146742
2 5 145914 146914
3 5 146000 147000
0 5 146085 147085
1 5 146085 147085
2 5 146257 147257
3 5 146428 147428
1 5 146428 147428
0 5 146600 147600
1 5 146771 147771
2 5 146771 147771
0 5 146942 147942
3 5 146942 147942
1 5 147114 148114
2 5 147114 148114
0 5 147285 148285
1 5 147457 148457
2 5 147457 148457
3 5 147628 148628
1 5 147800 148800
0 5 147800 148800
2 5 147971 148971
3 5 147971 148971
1 5 148142 149142
3 5 148314 149314
0 5 148314 149314
2 5 148485 149485
1 5 148485 149485
3 5 148657 149657
0 5 148657 149657
2 5 148828 149828
1 5 148828 149828
3 5 149000 150000
0 5 149171 150171
1 5 149171 150171
2 5 149342 150342
0 5 149514 150514
3 5 149514 150514
1 5 149685 150685
2 5 149857 150857
0 5 149857 150857
3 5 150028 151028
0 5 150028 151028
1 5 150200 151200
2 5 150200 151200
3 5 150371 151371
0 5 150542 151542
1 5 150542 151542
2 5 150714 151714
3 5 150714 151714
3 5 150885 151885
0 5 150885 151885
2 5 151057 152057
3 5 151142 152142
0 5 151228 152228
1 5 151228 152228
3 5 151400 152400
2 5 151571 152571
0 5 151571 152571
1 5 151742 152742
2 5 151828 152828
3 5 151914 152914
0 5 151914 152914
2 5 152085 153085
1 5 152257 153257
3 5 152257 153257
0 5 152428 153428
3 5 152514 153514
1 5 152600 153600
2 5 152600 153600
0 5 152771 153771
3 5 152942 153942
1 5 152942 153942
1 5 153114 154114
3 5 153285 154285
0 5 153285 154285
2 5 153371 154371
1 5 153371 154371
3 5 153542 154542
0 5 153542 154542
1 5 153800 154800
2 5 153800 154800
3 5 153885 154885
2 5 153971 154971
1 5 153971 154971
0 5 153971 154971
0 5 155000 156000
1 5 155000 156000
2 5 155342 156342
1 5 155342 156342
0 5 155342 156342
1 5 156028 157028
3 5 156028 157028
3 5 156200 157200
1 5 156200 157200
3 5 156714 157714
2 5 156714 157714
0 5 156714 157714
